gnss_preprocessor/dataset/smartLoc/Frankfurt_Westend_Tower/codg2510.16i
     1.0            IONOSPHERE MAPS     GNSS                IONEX VERSION / TYPE
ADDNEQ2 V5.3        AIUB                11-SEP-16 21:13     PGM / RUN BY / DATE 
CODE'S GLOBAL IONOSPHERE MAPS FOR DAY 251, 2016             COMMENT             
Global ionosphere maps (GIM) are generated on a daily basis DESCRIPTION         
at CODE using data from about 300 GNSS sites of the IGS and DESCRIPTION         
other institutions. The vertical total electron content     DESCRIPTION         
(VTEC) is modeled in a solar-geomagnetic reference frame    DESCRIPTION         
using a spherical harmonics expansion up to degree and      DESCRIPTION         
order 15. Piece-wise linear functions are used for          DESCRIPTION         
representation in the time domain. The time spacing of      DESCRIPTION         
their vertices is 1 hour, conforming with the epochs of the DESCRIPTION         
VTEC maps.                                                  DESCRIPTION         
To convert line-of-sight TEC into vertical TEC, a modified  DESCRIPTION         
single-layer model mapping function approximating the JPL   DESCRIPTION         
extended slab model mapping function is adopted. The        DESCRIPTION         
mapping function is evaluated at geodetic satellite         DESCRIPTION         
elevation angles. For the computation of the ionospheric    DESCRIPTION         
pierce points, a spherical layer with a radius of 6821 km   DESCRIPTION         
is assumed, implying geocentric, not geodetic IONEX         DESCRIPTION         
latitudes.                                                  DESCRIPTION         
Instrumental biases with respect to each involved GNSS code DESCRIPTION         
observable are estimated as constant values for each        DESCRIPTION         
day. They are modeled with one set of bias parameters for   DESCRIPTION         
each satellite and each station in case of GPS and for each DESCRIPTION         
satellite-station link in case of GLONASS. The code bias    DESCRIPTION         
datum is defined by zero-mean conditions imposed on the     DESCRIPTION         
satellite bias estimates. In this file, just GPS C1W-C2W    DESCRIPTION         
satellite and station bias values are included. The         DESCRIPTION         
complete set of GNSS code bias results is provided in an    DESCRIPTION         
additional Bias-SINEX file as pseudo-absolute values        DESCRIPTION         
specific to each observable.                                DESCRIPTION         
Note: These GIM results correspond to the results for the   DESCRIPTION         
middle day of a 3-day combination analysis solving for 73   DESCRIPTION         
times 256, or 18688 VTEC parameters and 3 daily sets of     DESCRIPTION         
GNSS code bias parameters.                                  DESCRIPTION         
Contact address: code(at)aiub.unibe.ch                      DESCRIPTION         
Data archive:    ftp.unibe.ch/aiub/CODE/                    DESCRIPTION         
                 www.aiub.unibe.ch/download/CODE/           DESCRIPTION         
  2016     9     7     0     0     0                        EPOCH OF FIRST MAP  
  2016     9     8     0     0     0                        EPOCH OF LAST MAP   
  3600                                                      INTERVAL            
[...]
dav1 dgar dgav dhlg drao dubo ebre faa1 fair faiv fale flin COMMENT             
flrs frdn func ganp glps glsv gmsd gode godz gold gope gras COMMENT             
graz guam guat guug harb hers hert hlfx hnpt hob2 hofn holb COMMENT             
holm hrao hyde iddr ieng iisc ineg invk iqal iqui irkj isba COMMENT             
ispa jog2 joz2 joze karr kat1 kely kerg khar kir0 kiru kit3 COMMENT             
kokb kokv kouc kour lama lhaz lmmf lpal lpgs m0se mac1 madr COMMENT             
mag0 mal2 mana mas1 mat1 mate maui maw1 mbar mcil mcm4 mdvj COMMENT             
medi mets mgue mizu mkea mnls mobj mobk mobs monp morp mqzg COMMENT             
mtka nano nico nist nium nklg nlib not1 novm nrc1 nril nrmd COMMENT             
nya1 ohi2 ohi3 onsa pado palv park pbri pdel penc pert pfa2 COMMENT             
pie1 pimo pol2 polv pots pove prds ptbb qaq1 quin rabt ramo COMMENT             
rbay rcmn recf reso reun reyk rio2 riop roth salu sant savo COMMENT             
sch2 scor scrz shao sofi spt0 ssia sthl stjo stk2 str2 suth COMMENT             
sutm sutv suwn sydn syog tabl tabv tash thti thu2 thu3 tid1 COMMENT             
tidb tixg tixi tlse tn22 tow2 tro1 tsea tskb twtf txes uclu COMMENT             
ufpr unb3 unbj unsa untr urum urus usn7 usud vald vill vtsp COMMENT             
wab1 wab2 wgtn whit will wind wsrt wtza wtzr wtzs wtzz wuhn COMMENT             
xmis yakt yar2 yar3 yarr ycba yell ykro yssk zamb zeck zim2 COMMENT             
zimj zimm                                                   COMMENT             
                                                            END OF HEADER       
[from data line 1287]
     4                                                      START OF TEC MAP    
  2016     9     7     3     0     0                        EPOCH OF CURRENT MAP
    87.5-180.0 180.0   5.0 450.0                            LAT/LON1/LON2/DLON/H
   98   99   99   99   99   99   99   99   99   99   99   99   99   99   98   98
   98   97   97   96   96   95   94   93   93   92   91   91   90   89   89   88
   88   88   87   87   87   87   87   87   87   87   87   87   87   87   88   88
   88   89   89   89   90   90   91   91   92   92   93   93   94   94   95   95
   95   96   96   97   97   97   98   98   98
    85.0-180.0 180.0   5.0 450.0                            LAT/LON1/LON2/DLON/H
  100  100  100  101  101  101  101  102  102  102  102  102  102  102  101  101
  100   99   98   97   96   94   93   91   89   88   86   84   83   82   80   79
   78   78   77   77   77   77   77   78   78   79   79   80   80   81   81   82
   82   83   84   84   85   86   86   87   88   89   90   91   92   92   93   94
   95   96   97   97   98   98   99   99  100
    82.5-180.0 180.0   5.0 450.0                            LAT/LON1/LON2/DLON/H
   99   99   99   99  100  100  100  100  101  101  101  102  102  102  102  102
  101  100   99   97   95   93   90   88   85   82   79   76   73   71   69   68
   67   67   66   66   67   68   68   69   70   71   73   74   74   75   76   77
   77   78   78   79   80   80   81   82   84   85   86   88   89   91   92   93
   95   96   97   97   98   98   99   99   99
    80.0-180.0 180.0   5.0 450.0                            LAT/LON1/LON2/DLON/H
   98   98   97   97   97   96   96   96   97   97   98   98   99   99  100  100
  100   99   98   96   94   91   87   83   79   75   71   67   64   61   58   57
   56   56   56   57   58   59   61   63   65   66   68   69   71   72   72   73
   73   74   74   74   75   75   76   78   79   81   83   85   87   90   92   94
   95   96   97   98   98   99   99   98   98
    77.5-180.0 180.0   5.0 450.0                            LAT/LON1/LON2/DLON/H
   97   96   96   95   94   93   92   92   92   92   92   92   93   94   95   95
   96   96   95   94   91   88   84   79   74   68   63   59   55   52   49   48
   48   48   48   50   51   53   56   58   60   62   65   66   68   69   70   71
   71   71   71   71   71   71   72   74   76   79   81   84   87   90   93   95
   97   98   99  100  100  100   99   98   97
    75.0-180.0 180.0   5.0 450.0                            LAT/LON1/LON2/DLON/H
   98   96   95   94   93   91   90   89   87   86   85   85   85   86   87   88
   89   90   90   89   87   84   80   75   69   63   58   53   49   46   44   43
   43   44   45   46   48   50   52   54   56   59   61   64   66   67   69   69
   69   69   69   68   69   69   70   72   75   78   82   85   89   92   95   97
   99  100  101  101  101  101  100   99   98
    72.5-180.0 180.0   5.0 450.0                            LAT/LON1/LON2/DLON/H
   98   97   96   95   93   92   90   88   85   83   80   78   77   77   77   78
   79   81   82   82   81   78   75   70   65   59   54   50   46   44   43   42
   42   43   44   44   45   47   48   50   52   54   57   60   63   65   67   68
   69   69   68   68   69   69   71   73   77   80   84   88   92   95   97  100
  101  102  102  102  102  101  100   99   98
    70.0-180.0 180.0   5.0 450.0                            LAT/LON1/LON2/DLON/H
   98   97   97   96   96   94   92   89   86   82   78   73   70   68   67   67
   68   70   72   73   73   72   69   65   61   56   52   49   46   45   44   44
   44   44   44   44   43   43   43   43   45   47   50   54   58   62   65   67
   69   69   70   70   71   72   74   77   81   85   88   92   95   98  100  101
  101  101  101  101  100  100   99   98   98
    67.5-180.0 180.0   5.0 450.0                            LAT/LON1/LON2/DLON/H
   97   97   98   98   98   97   95   92   88   83   77   71   65   61   58   57
   57   59   61   63   64   64   62   60   57   53   50   48   47   46   46   46
   46   45   43   41   39   37   35   35   36   38   42   47   53   58   63   66
   69   70   72   73   74   76   79   83   87   90   94   97   99  100  100  100
  100   99   99   98   98   97   97   97   97
    65.0-180.0 180.0   5.0 450.0                            LAT/LON1/LON2/DLON/H
   96   97   97   98   99   99   98   95   91   85   78   70   63   57   52   49
   48   49   51   53   55   55   55   53   51   50   48   47   47   47   46   46
   45   43   40   37   33   29   26   25   26   29   34   40   47   54   60   65
   69   72   74   76   78   81   85   89   93   97   99  101  101  101  100   99
   98   97   96   95   95   95   95   96   96
    62.5-180.0 180.0   5.0 450.0                            LAT/LON1/LON2/DLON/H
   96   97   97   98   99   99   98   96   92   87   79   71   63   56   49   45
   43   43   44   45   46   47   47   46   45   44   44   44   44   44   44   43
   41   38   34   30   26   21   18   17   18   21   27   34   43   51   58   64
   69   72   75   79   82   87   91   96  100  103  104  104  103  101   99   97
   96   95   95   95   96   96   96   96   96
    60.0-180.0 180.0   5.0 450.0                            LAT/LON1/LON2/DLON/H
  100   99   98   98   98   98   97   95   92   87   80   73   65   57   50   45
   41   40   39   39   40   40   39   39   38   39   39   40   40   40   39   37
   34   31   27   23   19   15   12   12   13   17   23   31   40   49   57   64
   69   73   77   81   86   91   97  101  105  107  107  106  104  102   99   98
   97   97   98  100  101  101  101  100  100
    57.5-180.0 180.0   5.0 450.0                            LAT/LON1/LON2/DLON/H
  107  105  103  101  100   98   96   94   90   86   80   75   68   61   54   48
   43   40   38   37   36   34   33   32   32   33   34   35   35   34   32   29
   26   23   20   17   15   13   12   12   14   18   24   32   41   50   58   64
   70   74   79   84   89   95  101  106  109  110  110  108  105  103  101  101
  102  104  107  109  111  111  111  109  107
    55.0-180.0 180.0   5.0 450.0                            LAT/LON1/LON2/DLON/H
  118  115  112  108  105  101   97   93   89   84   80   76   71   66   60   54
   48   43   40   37   34   32   29   28   28   29   30   31   31   29   26   22
   19   18   17   16   16   16   16   17   19   23   29   36   44   52   60   67
   72   77   82   87   94  100  106  110  113  113  111  109  107  106  106  108
  111  115  119  123  125  125  124  122  118
    52.5-180.0 180.0   5.0 450.0                            LAT/LON1/LON2/DLON/H
  131  127  124  119  115  109  103   96   90   84   80   77   75   71   66   60
   54   48   44   40   36   32   29   27   26   27   29   30   28   26   22   19
   17   17   18   20   23   25   26   27   28   31   36   42   49   57   64   71
   77   82   87   94  100  107  112  116  117  116  114  112  111  112  114  118
  123  129  134  138  140  140  138  135  131
    50.0-180.0 180.0   5.0 450.0                            LAT/LON1/LON2/DLON/H
  143  140  136  133  128  121  112  103   94   87   82   80   78   76   72   66
   59   53   48   44   40   36   32   29   29   30   31   31   30   26   23   20
   19   21   25   30   34   36   38   38   39   40   43   48   55   62   71   78
   85   91   97  103  110  116  121  123  123  121  119  118  118  120  124  129
  135  142  147  151  152  151  149  146  143
    47.5-180.0 180.0   5.0 450.0                            LAT/LON1/LON2/DLON/H
  149  148  147  145  141  134  125  114  103   93   87   84   83   81   77   71
   64   58   54   50   47   42   38   35   34   35   36   36   34   31   27   25
   26   30   36   42   46   49   50   49   48   48   49   53   60   69   79   88
   96  103  110  117  124  129  133  133  132  129  127  126  127  130  134  140
  146  152  157  159  159  157  154  151  149
    45.0-180.0 180.0   5.0 450.0                            LAT/LON1/LON2/DLON/H
  152  153  154  154  152  146  138  126  113  102   95   91   89   87   82   75
   68   62   59   57   54   51   47   44   43   43   44   43   41   37   34   33
   36   41   47   54   58   60   59   57   55   53   54   58   66   77   89  100
  110  119  126  134  140  145  147  147  144  140  138  136  137  140  145  149
  154  159  162  163  162  158  155  152  152
    42.5-180.0 180.0   5.0 450.0                            LAT/LON1/LON2/DLON/H
  152  154  157  159  158  154  147  136  124  112  104   99   97   94   88   80
   72   67   65   64   63   60   56   53   52   52   52   51   48   44   42   42
   45   51   58   63   66   66   64   61   58   57   58   63   72   85  100  114
  125  135  143  151  158  162  163  161  158  153  150  149  149  151  154  157
  160  163  165  165  163  159  154  152  152
    40.0-180.0 180.0   5.0 450.0                            LAT/LON1/LON2/DLON/H
  156  158  160  161  160  157  151  142  131  120  112  107  104  101   94   85
   76   71   70   71   71   69   66   63   61   60   59   57   54   50   48   49
   53   59   65   69   70   68   66   63   60   60   62   68   79   94  111  127
  140  150  159  167  174  178  179  177  172  167  163  161  161  161  163  164
  166  168  171  171  170  165  160  157  156
    37.5-180.0 180.0   5.0 450.0                            LAT/LON1/LON2/DLON/H
  174  173  171  168  163  157  151  144  135  126  119  114  112  108  100   90
   81   76   76   77   78   76   73   70   68   67   65   62   58   54   53   54
   58   63   68   70   69   67   64   63   62   63   67   74   86  102  121  137
  151  162  171  180  187  192  193  191  186  180  175  172  171  171  171  172
  175  180  185  189  189  186  181  177  174
    35.0-180.0 180.0   5.0 450.0                            LAT/LON1/LON2/DLON/H
  213  207  199  187  174  163  153  145  137  129  123  119  117  113  106   96
   86   81   81   82   82   80   78   75   73   72   69   65   60   57   56   57
   61   64   67   68   67   64   63   63   65   68   73   81   93  109  127  144
  157  168  178  188  197  203  205  203  198  192  186  182  180  180  181  185
  191  200  212  222  228  228  224  219  213
    32.5-180.0 180.0   5.0 450.0                            LAT/LON1/LON2/DLON/H
  278  266  249  227  203  181  164  152  142  134  127  123  121  117  110  100
   91   85   84   84   83   82   79   78   76   74   71   67   62   59   59   60
   62   65   66   66   64   62   62   65   69   74   80   86   98  113  130  146
  158  168  179  191  202  211  214  213  208  201  194  189  188  189  194  202
  215  233  253  272  285  291  290  285  278
    30.0-180.0 180.0   5.0 450.0                            LAT/LON1/LON2/DLON/H
  364  349  324  291  254  220  192  172  156  143  133  127  124  120  112  102
   93   87   84   83   81   79   78   78   78   76   73   69   65   63   63   63
   65   66   66   65   63   62   63   68   74   80   85   90   99  113  129  143
  154  165  176  191  205  216  221  221  216  209  201  196  195  200  210  225
  247  274  305  334  357  370  374  372  364
    27.5-180.0 180.0   5.0 450.0                            LAT/LON1/LON2/DLON/H
  464  447  418  377  329  282  242  210  184  163  147  135  128  121  113  102
   92   86   82   79   77   75   76   78   79   79   76   72   70   69   69   69
   69   69   68   66   65   64   66   71   78   83   86   89   96  108  123  136
  148  159  173  190  207  221  228  229  225  217  208  203  204  213  229  252
  283  320  361  400  432  453  465  469  464
    25.0-180.0 180.0   5.0 450.0                            LAT/LON1/LON2/DLON/H
  559  547  518  475  421  365  313  268  229  197  170  150  136  124  113  101
   90   82   77   74   71   71   74   78   81   82   80   78   77   77   78   77
   76   74   72   70   68   67   68   73   78   82   82   83   88   99  114  128
  140  153  170  191  211  227  237  239  235  227  218  213  216  229  252  281
  319  364  412  458  497  527  548  559  559
    22.5-180.0 180.0   5.0 450.0                            LAT/LON1/LON2/DLON/H
  634  629  607  569  516  457  397  341  289  243  204  172  149  131  115  100
   88   79   73   69   66   68   74   80   85   86   85   84   85   87   87   87
   84   81   78   75   72   70   69   72   75   76   74   73   76   88  104  120
  135  150  171  195  218  236  247  251  248  240  231  226  232  249  275  309
  351  398  449  497  541  577  605  625  634
    20.0-180.0 180.0   5.0 450.0                            LAT/LON1/LON2/DLON/H
  673  677  667  640  598  544  483  420  358  299  247  204  170  144  122  103
   88   78   71   67   66   69   77   86   91   91   91   91   93   96   97   95
   91   87   82   78   74   71   68   68   68   67   63   60   64   77   96  115
  133  152  175  202  228  247  260  265  264  257  248  245  252  271  298  333
  374  419  467  512  555  593  627  655  673
    17.5-180.0 180.0   5.0 450.0                            LAT/LON1/LON2/DLON/H
  667  681  683  674  649  609  555  492  424  357  294  241  198  163  135  112
   94   83   75   71   71   76   85   94   98   98   96   97   99  102  103  101
   96   90   85   80   75   69   65   62   60   56   52   49   54   70   92  114
  135  157  183  212  239  260  274  281  282  276  269  267  275  294  321  352
  388  426  465  503  540  576  612  644  667
    15.0-180.0 180.0   5.0 450.0                            LAT/LON1/LON2/DLON/H
  621  639  653  662  660  641  601  545  478  408  340  279  229  188  155  128
  108   95   86   82   82   88   97  105  106  104  101  101  103  106  106  103
   97   90   84   78   73   67   61   56   52   48   44   42   49   67   91  117
  140  165  193  223  250  272  287  297  300  297  291  291  300  318  341  366
  394  423  450  476  503  533  566  597  621
    12.5-180.0 180.0   5.0 450.0                            LAT/LON1/LON2/DLON/H
  547  563  583  609  630  633  613  570  511  444  376  314  261  217  180  151
  130  115  106  101  101  106  113  118  116  110  105  103  104  105  104  101
   95   88   81   75   70   64   57   52   48   45   41   41   49   69   95  122
  147  173  202  232  259  281  297  309  315  315  312  313  323  339  358  377
  396  414  429  442  458  479  505  528  547
    10.0-180.0 180.0   5.0 450.0                            LAT/LON1/LON2/DLON/H
  464  472  492  527  567  593  593  567  520  461  399  340  288  245  209  180
  158  142  131  125  124  127  131  131  126  117  109  104  103  101   99   96
   91   84   78   72   67   61   56   51   48   47   45   46   55   75  101  128
  153  178  207  237  264  286  304  318  326  328  328  332  342  357  371  384
  396  406  412  414  418  430  445  458  464
     7.5-180.0 180.0   5.0 450.0                            LAT/LON1/LON2/DLON/H
  395  389  402  439  490  532  550  539  506  459  406  354  308  269  236  209
  188  172  160  152  149  149  149  145  136  123  112  105  100   96   93   90
   86   81   74   69   65   61   56   53   53   53   53   55   64   83  108  133
  156  180  209  238  264  286  304  320  330  334  336  342  354  367  379  388
  398  405  406  401  397  399  405  404  395
     5.0-180.0 180.0   5.0 450.0                            LAT/LON1/LON2/DLON/H
  356  334  335  367  420  470  498  499  478  443  401  358  319  286  259  236
  217  201  188  179  172  169  165  158  146  131  117  106   98   91   87   85
   83   79   73   69   65   62   59   58   59   61   63   66   74   91  113  135
  156  178  205  234  260  281  299  315  326  332  335  343  356  369  380  390
  401  410  411  405  397  394  392  380  356
     2.5-180.0 180.0   5.0 450.0                            LAT/LON1/LON2/DLON/H
  354  319  307  329  375  422  452  459  447  421  388  353  322  297  276  258
  241  226  212  201  192  185  179  169  155  139  123  109   96   87   83   82
   81   78   74   69   66   64   61   61   65   69   72   74   82   96  115  134
  152  173  198  226  251  272  290  305  315  320  325  334  348  362  375  387
  403  419  426  422  415  411  406  388  354
