gnss_preprocessor/dataset/smartLoc/Frankfurt_Westend_Tower/codg2510.16i
     1.0            IONOSPHERE MAPS     GNSS                IONEX VERSION / TYPE
ADDNEQ2 V5.3        AIUB                11-SEP-16 21:13     PGM / RUN BY / DATE 
CODE'S GLOBAL IONOSPHERE MAPS FOR DAY 251, 2016             COMMENT             
Global ionosphere maps (GIM) are generated on a daily basis DESCRIPTION         
at CODE using data from about 300 GNSS sites of the IGS and DESCRIPTION         
other institutions. The vertical total electron content     DESCRIPTION         
(VTEC) is modeled in a solar-geomagnetic reference frame    DESCRIPTION         
using a spherical harmonics expansion up to degree and      DESCRIPTION         
order 15. Piece-wise linear functions are used for          DESCRIPTION         
representation in the time domain. The time spacing of      DESCRIPTION         
their vertices is 1 hour, conforming with the epochs of the DESCRIPTION         
VTEC maps.                                                  DESCRIPTION         
To convert line-of-sight TEC into vertical TEC, a modified  DESCRIPTION         
single-layer model mapping function approximating the JPL   DESCRIPTION         
extended slab model mapping function is adopted. The        DESCRIPTION         
mapping function is evaluated at geodetic satellite         DESCRIPTION         
elevation angles. For the computation of the ionospheric    DESCRIPTION         
pierce points, a spherical layer with a radius of 6821 km   DESCRIPTION         
is assumed, implying geocentric, not geodetic IONEX         DESCRIPTION         
latitudes.                                                  DESCRIPTION         
Instrumental biases with respect to each involved GNSS code DESCRIPTION         
observable are estimated as constant values for each        DESCRIPTION         
day. They are modeled with one set of bias parameters for   DESCRIPTION         
each satellite and each station in case of GPS and for each DESCRIPTION         
satellite-station link in case of GLONASS. The code bias    DESCRIPTION         
datum is defined by zero-mean conditions imposed on the     DESCRIPTION         
satellite bias estimates. In this file, just GPS C1W-C2W    DESCRIPTION         
satellite and station bias values are included. The         DESCRIPTION         
complete set of GNSS code bias results is provided in an    DESCRIPTION         
additional Bias-SINEX file as pseudo-absolute values        DESCRIPTION         
specific to each observable.                                DESCRIPTION         
Note: These GIM results correspond to the results for the   DESCRIPTION         
middle day of a 3-day combination analysis solving for 73   DESCRIPTION         
times 256, or 18688 VTEC parameters and 3 daily sets of     DESCRIPTION         
GNSS code bias parameters.                                  DESCRIPTION         
Contact address: code(at)aiub.unibe.ch                      DESCRIPTION         
Data archive:    ftp.unibe.ch/aiub/CODE/                    DESCRIPTION         
                 www.aiub.unibe.ch/download/CODE/           DESCRIPTION         
  2016     9     7     0     0     0                        EPOCH OF FIRST MAP  
  2016     9     8     0     0     0                        EPOCH OF LAST MAP   
  3600                                                      INTERVAL            
[...]
dav1 dgar dgav dhlg drao dubo ebre faa1 fair faiv fale flin COMMENT             
flrs frdn func ganp glps glsv gmsd gode godz gold gope gras COMMENT             
graz guam guat guug harb hers hert hlfx hnpt hob2 hofn holb COMMENT             
holm hrao hyde iddr ieng iisc ineg invk iqal iqui irkj isba COMMENT             
ispa jog2 joz2 joze karr kat1 kely kerg khar kir0 kiru kit3 COMMENT             
kokb kokv kouc kour lama lhaz lmmf lpal lpgs m0se mac1 madr COMMENT             
mag0 mal2 mana mas1 mat1 mate maui maw1 mbar mcil mcm4 mdvj COMMENT             
medi mets mgue mizu mkea mnls mobj mobk mobs monp morp mqzg COMMENT             
mtka nano nico nist nium nklg nlib not1 novm nrc1 nril nrmd COMMENT             
nya1 ohi2 ohi3 onsa pado palv park pbri pdel penc pert pfa2 COMMENT             
pie1 pimo pol2 polv pots pove prds ptbb qaq1 quin rabt ramo COMMENT             
rbay rcmn recf reso reun reyk rio2 riop roth salu sant savo COMMENT             
sch2 scor scrz shao sofi spt0 ssia sthl stjo stk2 str2 suth COMMENT             
sutm sutv suwn sydn syog tabl tabv tash thti thu2 thu3 tid1 COMMENT             
tidb tixg tixi tlse tn22 tow2 tro1 tsea tskb twtf txes uclu COMMENT             
ufpr unb3 unbj unsa untr urum urus usn7 usud vald vill vtsp COMMENT             
wab1 wab2 wgtn whit will wind wsrt wtza wtzr wtzs wtzz wuhn COMMENT             
xmis yakt yar2 yar3 yarr ycba yell ykro yssk zamb zeck zim2 COMMENT             
zimj zimm                                                   COMMENT             
                                                            END OF HEADER       
[from data line 6006]
    15                                                      START OF TEC MAP    
  2016     9     7    14     0     0                        EPOCH OF CURRENT MAP
    87.5-180.0 180.0   5.0 450.0                            LAT/LON1/LON2/DLON/H
   94   95   95   96   96   97   98   98   99  100  100  101  102  102  103  104
  104  105  105  106  106  106  106  107  107  107  107  107  106  106  106  105
  105  105  104  104  103  102  102  101  101  100   99   99   98   98   97   97
   96   96   96   95   95   94   94   94   94   93   93   93   93   93   93   93
   93   93   93   93   93   93   94   94   94
    85.0-180.0 180.0   5.0 450.0                            LAT/LON1/LON2/DLON/H
   86   86   87   88   89   90   92   93   94   96   97   98  100  101  103  104
  105  106  107  108  109  109  110  110  110  110  110  110  110  109  109  108
  107  106  105  104  102  101  100   99   97   96   95   94   93   92   92   91
   90   90   89   89   88   88   88   87   87   87   86   86   86   85   85   85
   84   84   84   84   84   84   85   85   86
    82.5-180.0 180.0   5.0 450.0                            LAT/LON1/LON2/DLON/H
   76   77   78   79   81   82   84   86   88   90   92   94   96   97   99  101
  103  104  106  107  108  109  110  111  111  111  111  111  111  110  109  108
  107  105  104  102  100   98   96   94   93   91   89   88   87   86   85   85
   84   84   83   83   83   83   82   82   82   81   81   80   79   79   78   77
   76   76   75   75   75   75   75   75   76
    80.0-180.0 180.0   5.0 450.0                            LAT/LON1/LON2/DLON/H
   67   68   70   71   73   74   76   79   81   83   85   88   90   92   94   96
   98  100  102  104  105  107  108  109  110  110  110  110  110  109  109  107
  106  104  102  100   97   95   93   90   88   86   84   83   81   80   80   79
   79   79   79   79   79   79   79   78   78   78   77   76   75   74   73   72
   70   69   68   67   67   67   67   67   67
    77.5-180.0 180.0   5.0 450.0                            LAT/LON1/LON2/DLON/H
   62   63   64   65   67   69   71   73   75   77   80   82   85   87   89   91
   93   95   97   99  101  103  105  106  107  108  109  109  109  108  108  106
  105  103  101   98   96   93   90   88   85   83   81   80   78   77   77   76
   76   76   76   76   76   76   76   76   75   75   74   73   72   71   69   68
   66   65   64   62   62   61   61   61   62
    75.0-180.0 180.0   5.0 450.0                            LAT/LON1/LON2/DLON/H
   59   60   61   63   64   66   67   69   71   73   76   78   80   83   85   87
   89   91   93   95   97   99  101  103  105  106  107  107  107  107  107  106
  104  103  101   98   96   93   91   88   86   83   82   80   79   78   77   76
   75   75   74   74   73   73   73   72   72   72   71   70   69   68   67   65
   64   62   61   60   59   58   58   59   59
    72.5-180.0 180.0   5.0 450.0                            LAT/LON1/LON2/DLON/H
   59   60   61   62   63   65   66   68   69   71   73   76   78   80   82   84
   86   88   90   92   95   97  100  102  104  105  106  107  107  106  106  105
  104  103  101   99   97   95   93   91   89   87   85   84   82   81   80   78
   77   75   73   72   70   69   68   67   67   67   66   66   66   65   64   63
   62   60   59   58   58   58   58   58   59
    70.0-180.0 180.0   5.0 450.0                            LAT/LON1/LON2/DLON/H
   58   59   60   62   63   64   65   66   68   70   72   74   76   79   80   82
   84   86   88   91   94   97  100  102  104  106  106  106  106  105  105  104
  103  103  102  100   99   98   96   94   93   92   91   89   88   86   84   82
   79   76   73   69   66   64   62   61   60   60   60   60   60   60   60   60
   59   58   57   57   57   57   57   57   58
    67.5-180.0 180.0   5.0 450.0                            LAT/LON1/LON2/DLON/H
   55   56   58   59   60   61   62   63   65   67   70   73   75   78   80   81
   83   85   87   90   93   97  101  104  106  107  108  107  106  105  104  103
  103  102  102  101  101  100   99   98   98   97   97   96   94   92   89   86
   81   77   72   67   62   58   55   53   52   51   52   53   53   54   55   55
   55   54   54   54   54   54   54   55   55
    65.0-180.0 180.0   5.0 450.0                            LAT/LON1/LON2/DLON/H
   49   50   51   52   54   55   57   58   61   64   67   71   74   77   79   80
   81   83   85   89   93   97  102  106  108  109  109  107  106  104  103  102
  102  102  102  102  101  101  101  101  101  102  102  101  100   97   94   89
   83   77   71   65   59   54   49   46   45   44   45   46   47   48   49   49
   49   50   50   49   49   49   48   48   49
    62.5-180.0 180.0   5.0 450.0                            LAT/LON1/LON2/DLON/H
   39   39   41   42   44   46   48   51   54   58   62   67   71   74   77   78
   79   81   83   86   91   97  102  107  110  111  110  108  105  104  103  102
  102  102  103  102  102  102  102  102  103  104  105  105  104  101   97   92
   86   79   72   65   59   53   48   44   41   41   41   42   43   43   44   44
   45   45   45   44   43   42   40   39   39
    60.0-180.0 180.0   5.0 450.0                            LAT/LON1/LON2/DLON/H
   28   28   29   31   33   36   39   42   46   51   56   62   67   71   74   75
   76   77   80   83   89   95  101  107  110  111  110  108  106  105  104  104
  105  105  105  104  103  103  102  103  104  106  107  108  107  105  100   95
   89   82   76   69   63   57   51   47   44   43   42   42   43   43   42   42
   42   42   41   40   38   36   33   30   28
    57.5-180.0 180.0   5.0 450.0                            LAT/LON1/LON2/DLON/H
   20   18   19   21   24   27   30   34   38   44   50   56   62   66   70   72
   73   74   76   80   86   93   99  105  109  110  110  108  107  108  108  110
  110  110  109  108  106  104  103  104  105  107  109  111  111  108  104   99
   94   88   83   78   72   67   61   57   53   51   50   49   48   47   45   44
   43   42   41   40   37   33   28   23   20
    55.0-180.0 180.0   5.0 450.0                            LAT/LON1/LON2/DLON/H
   17   14   14   16   19   22   26   29   33   39   44   51   57   62   66   69
   70   72   74   78   84   90   97  103  108  109  110  110  111  113  115  118
  119  118  116  113  110  107  105  105  107  109  112  115  115  113  109  105
  100   96   93   90   86   81   76   71   68   65   63   61   59   56   53   50
   48   47   46   45   41   36   29   22   17
    52.5-180.0 180.0   5.0 450.0                            LAT/LON1/LON2/DLON/H
   22   18   17   19   22   25   27   30   33   37   42   48   54   59   63   67
   70   73   75   79   84   90   97  103  107  110  111  113  116  120  124  128
  129  127  124  120  115  112  110  109  111  114  118  120  121  120  117  113
  109  107  105  103  100   97   92   87   84   81   79   76   73   69   64   60
   57   56   56   54   51   45   37   29   22
    50.0-180.0 180.0   5.0 450.0                            LAT/LON1/LON2/DLON/H
   35   30   29   30   32   34   35   36   38   41   44   49   53   58   63   68
   73   77   80   83   87   92   98  104  108  111  114  117  121  127  133  137
  138  136  131  127  122  119  117  116  118  121  125  129  130  129  126  122
  119  117  116  115  113  110  106  102   98   96   93   91   87   82   76   72
   69   68   68   67   64   59   51   42   35
    47.5-180.0 180.0   5.0 450.0                            LAT/LON1/LON2/DLON/H
   52   47   46   46   47   48   48   48   48   49   51   53   57   61   66   72
   79   84   88   91   94   97  102  107  112  115  118  122  127  134  141  145
  145  142  138  133  130  127  126  125  127  130  134  138  140  139  136  132
  128  126  125  124  122  119  115  111  108  106  104  102   98   93   87   82
   79   78   79   79   78   74   67   59   52
    45.0-180.0 180.0   5.0 450.0                            LAT/LON1/LON2/DLON/H
   70   65   63   63   64   63   62   60   60   60   61   62   64   67   72   79
   87   93   98  100  102  104  108  113  117  121  124  127  132  139  145  149
  149  145  142  139  138  137  137  137  138  141  145  148  150  149  145  141
  137  134  131  129  126  122  118  114  112  111  110  108  105  101   95   90
   87   86   87   88   88   86   82   76   70
    42.5-180.0 180.0   5.0 450.0                            LAT/LON1/LON2/DLON/H
   83   79   77   77   77   76   74   72   71   71   72   73   73   75   80   87
   96  103  108  110  111  112  115  120  124  128  130  132  136  141  146  149
  149  146  144  145  147  149  151  151  151  152  155  158  159  157  154  149
  144  140  136  131  126  122  117  114  112  111  110  109  107  104   99   95
   91   89   89   90   92   92   90   87   83
    40.0-180.0 180.0   5.0 450.0                            LAT/LON1/LON2/DLON/H
   87   85   84   83   83   82   80   79   79   81   83   84   84   85   89   96
  105  113  117  119  118  119  122  126  131  135  136  136  138  141  145  148
  148  148  148  152  158  163  165  165  164  163  164  166  166  165  161  157
  152  147  141  134  127  122  117  113  111  110  109  108  106  104  100   96
   92   89   87   87   88   90   90   90   87
    37.5-180.0 180.0   5.0 450.0                            LAT/LON1/LON2/DLON/H
   84   82   81   80   80   80   79   79   82   86   91   94   95   96   99  105
  113  120  123  124  124  124  127  132  137  140  141  139  139  141  145  148
  150  152  156  163  172  179  182  180  177  174  173  173  173  172  170  167
  163  158  151  142  134  127  121  117  114  111  109  107  105  103  100   97
   92   87   82   79   79   81   84   85   84
    35.0-180.0 180.0   5.0 450.0                            LAT/LON1/LON2/DLON/H
   75   72   71   71   71   71   71   73   78   87   95  100  103  105  108  113
  119  124  127  127  127  127  131  136  142  145  145  142  141  143  148  154
  159  164  171  180  190  198  200  196  191  186  183  182  182  182  181  181
  179  175  168  159  149  141  134  129  124  118  114  110  107  105  103  100
   95   88   80   73   70   71   74   75   75
    32.5-180.0 180.0   5.0 450.0                            LAT/LON1/LON2/DLON/H
   64   61   58   58   58   59   60   63   71   82   94  103  108  112  115  120
  124  127  129  128  128  130  133  139  145  148  148  146  146  150  157  167
  175  184  192  202  212  218  218  213  206  199  196  195  196  197  200  202
  204  201  195  185  175  165  157  149  141  133  125  118  114  112  111  109
  104   95   83   72   66   64   66   66   64
    30.0-180.0 180.0   5.0 450.0                            LAT/LON1/LON2/DLON/H
   59   53   49   48   48   49   50   54   62   75   89  101  109  115  121  125
  128  129  129  129  130  132  136  141  147  150  151  151  154  162  174  188
  201  211  220  229  236  239  237  230  222  216  214  215  217  221  226  231
  236  236  230  221  209  197  186  175  164  153  142  134  128  125  125  124
  119  110   96   81   71   66   65   63   59
    27.5-180.0 180.0   5.0 450.0                            LAT/LON1/LON2/DLON/H
   62   54   47   45   45   45   45   48   56   68   83   96  107  116  123  129
  131  131  130  130  132  135  139  143  148  151  154  158  166  180  198  217
  233  244  251  256  259  259  255  249  242  238  239  242  247  253  260  268
  274  275  271  261  247  233  218  203  189  176  164  154  148  145  145  145
  141  132  118  102   89   80   75   70   62
    25.0-180.0 180.0   5.0 450.0                            LAT/LON1/LON2/DLON/H
   76   64   56   52   50   49   48   48   54   64   77   89  101  113  124  131
  134  134  133  133  136  139  142  146  149  153  159  168  182  203  227  249
  267  277  281  282  280  277  272  267  264  265  269  276  284  292  300  308
  314  316  311  299  283  264  245  227  211  197  186  177  171  168  168  169
  168  161  148  131  117  105   97   88   76
    22.5-180.0 180.0   5.0 450.0                            LAT/LON1/LON2/DLON/H
   99   84   73   68   65   63   59   56   58   64   73   83   95  109  123  133
  137  137  136  137  141  145  147  149  151  155  164  179  200  227  256  281
  298  306  307  303  297  293  289  287  289  294  304  315  325  335  342  348
  352  351  344  330  310  287  263  242  226  215  207  200  195  192  192  193
  194  190  180  166  151  138  126  113   99
    20.0-180.0 180.0   5.0 450.0                            LAT/LON1/LON2/DLON/H
  125  109   96   89   86   82   76   71   68   69   73   79   89  104  120  133
  139  140  140  143  147  151  152  152  154  159  172  192  220  252  283  308
  323  328  325  318  311  306  306  308  315  325  338  353  366  375  380  382
  381  376  365  348  324  297  270  248  235  227  224  221  217  214  213  214
  216  215  209  199  185  171  158  142  125
    17.5-180.0 180.0   5.0 450.0                            LAT/LON1/LON2/DLON/H
  150  132  119  111  106  101   95   87   81   77   75   77   85  100  118  133
  140  143  144  148  154  157  158  156  158  165  181  206  238  273  305  328
  340  342  336  329  323  321  324  331  341  354  369  385  399  407  409  406
  399  389  374  353  326  295  267  247  237  236  237  238  236  232  230  229
  231  233  231  224  213  200  185  168  150
    15.0-180.0 180.0   5.0 450.0                            LAT/LON1/LON2/DLON/H
  167  149  135  126  121  117  110  102   94   86   80   78   84   98  116  132
  141  145  148  154  160  163  163  161  163  172  191  220  255  291  321  340
  349  349  343  338  335  337  344  353  364  376  391  406  419  425  424  417
  405  390  372  347  318  286  260  243  239  243  250  253  251  246  241  238
  238  240  241  238  230  217  202  185  167
    12.5-180.0 180.0   5.0 450.0                            LAT/LON1/LON2/DLON/H
  174  157  143  133  128  124  118  111  103   94   85   81   85   98  116  133
  142  148  153  160  166  169  168  167  171  182  204  235  270  305  331  347
  353  353  350  349  351  358  367  375  383  390  400  412  423  428  425  415
  400  382  361  336  306  276  253  243  245  254  262  266  263  256  247  240
  238  239  241  240  234  223  208  192  174
    10.0-180.0 180.0   5.0 450.0                            LAT/LON1/LON2/DLON/H
  171  155  140  130  125  121  118  113  106   97   88   84   87  100  118  134
  144  151  158  166  172  174  174  174  180  195  218  249  283  315  338  351
  356  357  359  364  372  381  390  395  395  394  396  403  411  415  412  403
  388  370  349  323  295  270  253  250  257  268  276  277  271  261  250  239
  232  231  232  232  227  216  203  187  171
     7.5-180.0 180.0   5.0 450.0                            LAT/LON1/LON2/DLON/H
  161  145  130  120  114  113  111  108  102   95   88   85   91  104  121  136
  147  155  165  174  180  181  180  182  191  208  233  263  295  323  343  355
  361  365  372  383  395  406  411  408  398  386  380  381  386  391  390  384
  373  358  338  315  290  271  262  265  275  285  289  285  275  263  249  235
  224  219  218  217  212  202  189  176  161
     5.0-180.0 180.0   5.0 450.0                            LAT/LON1/LON2/DLON/H
  147  132  118  107  102  101  101   99   94   89   84   85   93  108  125  139
  150  161  173  184  190  190  188  192  203  223  248  276  305  329  348  360
  368  377  389  403  417  426  425  413  391  369  353  349  353  359  363  363
  358  348  331  310  290  277  275  284  295  301  297  287  274  260  245  230
  216  207  203  200  194  184  173  161  147
     2.5-180.0 180.0   5.0 450.0                            LAT/LON1/LON2/DLON/H
  135  121  107   97   93   93   93   91   85   80   78   82   94  111  128  143
  154  167  182  195  201  200  197  201  215  237  262  288  312  334  352  366
  378  391  406  421  433  437  429  407  376  344  322  314  317  326  336  343
  345  339  326  307  291  284  288  300  309  309  298  281  265  251  238  223
  208  196  189  184  177  167  157  146  135
