gnss_preprocessor/dataset/smartLoc/Frankfurt_Westend_Tower/codg2510.16i
     1.0            IONOSPHERE MAPS     GNSS                IONEX VERSION / TYPE
ADDNEQ2 V5.3        AIUB                11-SEP-16 21:13     PGM / RUN BY / DATE 
CODE'S GLOBAL IONOSPHERE MAPS FOR DAY 251, 2016             COMMENT             
Global ionosphere maps (GIM) are generated on a daily basis DESCRIPTION         
at CODE using data from about 300 GNSS sites of the IGS and DESCRIPTION         
other institutions. The vertical total electron content     DESCRIPTION         
(VTEC) is modeled in a solar-geomagnetic reference frame    DESCRIPTION         
using a spherical harmonics expansion up to degree and      DESCRIPTION         
order 15. Piece-wise linear functions are used for          DESCRIPTION         
representation in the time domain. The time spacing of      DESCRIPTION         
their vertices is 1 hour, conforming with the epochs of the DESCRIPTION         
VTEC maps.                                                  DESCRIPTION         
To convert line-of-sight TEC into vertical TEC, a modified  DESCRIPTION         
single-layer model mapping function approximating the JPL   DESCRIPTION         
extended slab model mapping function is adopted. The        DESCRIPTION         
mapping function is evaluated at geodetic satellite         DESCRIPTION         
elevation angles. For the computation of the ionospheric    DESCRIPTION         
pierce points, a spherical layer with a radius of 6821 km   DESCRIPTION         
is assumed, implying geocentric, not geodetic IONEX         DESCRIPTION         
latitudes.                                                  DESCRIPTION         
Instrumental biases with respect to each involved GNSS code DESCRIPTION         
observable are estimated as constant values for each        DESCRIPTION         
day. They are modeled with one set of bias parameters for   DESCRIPTION         
each satellite and each station in case of GPS and for each DESCRIPTION         
satellite-station link in case of GLONASS. The code bias    DESCRIPTION         
datum is defined by zero-mean conditions imposed on the     DESCRIPTION         
satellite bias estimates. In this file, just GPS C1W-C2W    DESCRIPTION         
satellite and station bias values are included. The         DESCRIPTION         
complete set of GNSS code bias results is provided in an    DESCRIPTION         
additional Bias-SINEX file as pseudo-absolute values        DESCRIPTION         
specific to each observable.                                DESCRIPTION         
Note: These GIM results correspond to the results for the   DESCRIPTION         
middle day of a 3-day combination analysis solving for 73   DESCRIPTION         
times 256, or 18688 VTEC parameters and 3 daily sets of     DESCRIPTION         
GNSS code bias parameters.                                  DESCRIPTION         
Contact address: code(at)aiub.unibe.ch                      DESCRIPTION         
Data archive:    ftp.unibe.ch/aiub/CODE/                    DESCRIPTION         
                 www.aiub.unibe.ch/download/CODE/           DESCRIPTION         
  2016     9     7     0     0     0                        EPOCH OF FIRST MAP  
  2016     9     8     0     0     0                        EPOCH OF LAST MAP   
  3600                                                      INTERVAL            
[...]
dav1 dgar dgav dhlg drao dubo ebre faa1 fair faiv fale flin COMMENT             
flrs frdn func ganp glps glsv gmsd gode godz gold gope gras COMMENT             
graz guam guat guug harb hers hert hlfx hnpt hob2 hofn holb COMMENT             
holm hrao hyde iddr ieng iisc ineg invk iqal iqui irkj isba COMMENT             
ispa jog2 joz2 joze karr kat1 kely kerg khar kir0 kiru kit3 COMMENT             
kokb kokv kouc kour lama lhaz lmmf lpal lpgs m0se mac1 madr COMMENT             
mag0 mal2 mana mas1 mat1 mate maui maw1 mbar mcil mcm4 mdvj COMMENT             
medi mets mgue mizu mkea mnls mobj mobk mobs monp morp mqzg COMMENT             
mtka nano nico nist nium nklg nlib not1 novm nrc1 nril nrmd COMMENT             
nya1 ohi2 ohi3 onsa pado palv park pbri pdel penc pert pfa2 COMMENT             
pie1 pimo pol2 polv pots pove prds ptbb qaq1 quin rabt ramo COMMENT             
rbay rcmn recf reso reun reyk rio2 riop roth salu sant savo COMMENT             
sch2 scor scrz shao sofi spt0 ssia sthl stjo stk2 str2 suth COMMENT             
sutm sutv suwn sydn syog tabl tabv tash thti thu2 thu3 tid1 COMMENT             
tidb tixg tixi tlse tn22 tow2 tro1 tsea tskb twtf txes uclu COMMENT             
ufpr unb3 unbj unsa untr urum urus usn7 usud vald vill vtsp COMMENT             
wab1 wab2 wgtn whit will wind wsrt wtza wtzr wtzs wtzz wuhn COMMENT             
xmis yakt yar2 yar3 yarr ycba yell ykro yssk zamb zeck zim2 COMMENT             
zimj zimm                                                   COMMENT             
                                                            END OF HEADER       
[from data line 858]
     3                                                      START OF TEC MAP    
  2016     9     7     2     0     0                        EPOCH OF CURRENT MAP
    87.5-180.0 180.0   5.0 450.0                            LAT/LON1/LON2/DLON/H
   93   93   93   93   94   94   94   94   94   94   94   94   94   94   94   93
   93   93   92   92   91   91   90   89   89   88   87   87   86   86   85   85
   84   84   84   84   84   84   84   84   84   84   84   84   84   85   85   85
   85   86   86   86   87   87   87   87   88   88   88   89   89   89   90   90
   90   90   91   91   91   92   92   92   93
    85.0-180.0 180.0   5.0 450.0                            LAT/LON1/LON2/DLON/H
   93   94   94   95   96   96   97   97   98   98   98   98   98   98   98   97
   97   96   95   94   93   91   90   88   86   85   83   82   80   79   78   77
   76   76   75   75   75   75   76   76   77   78   78   79   80   80   81   81
   82   82   83   83   84   84   84   85   85   86   86   87   87   87   88   88
   89   89   90   90   91   92   92   93   93
    82.5-180.0 180.0   5.0 450.0                            LAT/LON1/LON2/DLON/H
   92   93   94   95   96   96   97   98   99  100  100  101  101  101  101  100
   99   98   97   95   93   91   88   86   83   80   77   74   72   70   68   66
   66   65   65   65   66   67   68   69   71   72   73   75   76   77   78   78
   79   79   80   80   81   81   81   82   82   83   83   84   85   85   86   87
   87   88   89   89   90   90   91   92   92
    80.0-180.0 180.0   5.0 450.0                            LAT/LON1/LON2/DLON/H
   91   92   93   94   95   96   97   98   99  100  100  101  101  101  101  101
  100   99   97   95   93   90   86   83   79   74   70   66   63   60   57   56
   55   54   55   56   57   59   61   63   65   67   69   71   72   74   75   75
   76   76   76   77   77   77   77   78   79   79   80   82   83   84   85   86
   87   87   88   89   89   90   90   91   91
    77.5-180.0 180.0   5.0 450.0                            LAT/LON1/LON2/DLON/H
   91   92   93   94   95   96   97   98   98   99   99   99   99   98   98   97
   97   96   95   93   90   87   83   79   74   69   64   59   55   51   48   47
   46   46   46   48   50   52   55   57   60   63   65   67   69   70   71   72
   72   72   72   72   72   73   73   74   75   77   78   80   82   83   85   86
   87   88   89   89   90   90   90   91   91
    75.0-180.0 180.0   5.0 450.0                            LAT/LON1/LON2/DLON/H
   92   93   94   95   96   97   98   99   99   98   97   96   95   93   92   91
   90   89   88   87   85   82   79   75   70   64   59   54   49   45   42   40
   39   40   41   42   44   47   49   52   55   57   60   62   64   66   67   68
   68   68   68   68   68   69   70   71   73   75   78   80   83   85   87   88
   89   90   90   91   91   91   91   91   92
    72.5-180.0 180.0   5.0 450.0                            LAT/LON1/LON2/DLON/H
   92   93   95   96   98   99  100  101  100   99   96   93   90   87   84   82
   80   79   79   78   77   76   73   70   65   60   55   50   45   41   39   37
   36   37   37   39   40   42   44   46   48   50   53   55   57   59   61   62
   63   63   63   64   64   66   67   70   72   76   79   82   85   87   89   91
   91   92   92   92   92   92   92   92   92
    70.0-180.0 180.0   5.0 450.0                            LAT/LON1/LON2/DLON/H
   92   93   95   97  100  102  103  104  103  101   97   92   86   81   76   72
   69   68   67   67   68   67   66   64   60   56   51   47   43   40   37   36
   35   35   36   36   36   37   37   38   40   41   44   46   49   52   54   56
   58   59   60   61   62   64   67   70   74   78   82   85   88   90   92   93
   93   93   93   93   92   92   92   92   92
    67.5-180.0 180.0   5.0 450.0                            LAT/LON1/LON2/DLON/H
   91   92   94   96  100  103  105  106  106  103   99   92   85   77   70   64
   59   57   56   56   57   58   58   57   55   52   48   45   41   39   37   36
   35   34   34   33   32   31   30   30   30   31   33   37   40   44   48   51
   54   56   58   60   62   65   69   73   78   82   86   89   91   92   93   93
   93   93   93   93   92   91   91   91   91
    65.0-180.0 180.0   5.0 450.0                            LAT/LON1/LON2/DLON/H
   90   90   91   94   97  101  104  106  107  105  101   94   86   77   68   60
   53   49   47   47   48   49   50   50   49   47   44   42   39   37   36   35
   33   32   31   28   26   24   22   21   21   22   24   28   32   37   42   47
   51   54   57   60   64   68   72   77   82   87   90   92   93   94   94   93
   93   93   92   92   92   91   91   90   90
    62.5-180.0 180.0   5.0 450.0                            LAT/LON1/LON2/DLON/H
   89   89   89   90   93   96  100  103  105  105  102   97   89   80   70   60
   52   46   43   42   42   42   43   43   42   41   40   38   36   35   34   32
   30   28   26   23   20   18   15   14   14   15   18   22   27   33   39   45
   50   54   58   62   66   71   77   82   87   91   94   95   95   94   93   92
   92   92   93   94   94   94   93   91   89
    60.0-180.0 180.0   5.0 450.0                            LAT/LON1/LON2/DLON/H
   93   90   88   88   89   92   95   98  100  102  101   99   93   85   76   66
   56   49   43   40   39   38   37   37   36   36   35   34   33   31   30   28
   26   24   21   19   16   13   12   11   11   13   16   20   26   32   38   44
   50   55   60   64   69   75   81   87   91   95   96   96   95   94   93   92
   93   94   96   98  100  100   99   96   93
    57.5-180.0 180.0   5.0 450.0                            LAT/LON1/LON2/DLON/H
  102   97   93   90   89   89   90   92   94   97   98   99   97   91   83   74
   64   55   48   43   39   36   34   33   32   31   31   30   29   28   26   24
   22   20   18   16   14   13   13   13   14   16   19   23   28   33   40   46
   52   57   63   68   73   79   85   91   95   97   98   97   96   94   94   94
   96   99  103  107  110  111  110  107  102
    55.0-180.0 180.0   5.0 450.0                            LAT/LON1/LON2/DLON/H
  116  110  104   99   95   92   91   90   90   91   94   97   98   96   91   83
   73   64   56   49   43   38   34   31   29   28   28   28   27   26   24   22
   20   18   17   17   17   18   19   20   22   24   26   29   33   37   43   49
   55   61   67   72   78   84   90   95   98   99   99   98   97   96   97   99
  103  107  113  119  123  126  125  122  116
    52.5-180.0 180.0   5.0 450.0                            LAT/LON1/LON2/DLON/H
  133  126  119  113  108  103   98   93   89   89   91   95   99  100   97   90
   81   72   64   56   49   42   36   32   29   28   28   28   27   26   24   22
   21   20   21   22   24   26   29   31   33   34   36   37   39   42   47   53
   59   66   72   78   84   90   96  100  102  102  101  100  100  101  103  107
  112  118  125  132  138  142  142  139  133
    50.0-180.0 180.0   5.0 450.0                            LAT/LON1/LON2/DLON/H
  150  143  137  132  127  120  112  103   95   90   90   94   99  102  100   95
   87   80   72   64   57   49   41   36   32   31   31   31   30   28   27   25
   25   26   28   31   35   38   40   43   44   45   45   45   45   47   51   57
   65   73   80   87   94   99  104  107  108  107  106  105  106  108  112  116
  122  128  136  144  151  156  157  155  150
    47.5-180.0 180.0   5.0 450.0                            LAT/LON1/LON2/DLON/H
  162  158  153  150  147  141  132  119  106   97   94   96  100  103  102   98
   91   85   78   72   65   56   48   42   38   37   36   36   35   34   32   31
   32   34   38   42   46   49   51   53   54   54   53   52   51   52   56   63
   73   82   91   99  106  111  115  117  117  115  114  113  115  118  122  127
  132  137  144  152  160  165  168  167  162
    45.0-180.0 180.0   5.0 450.0                            LAT/LON1/LON2/DLON/H
  169  166  164  164  164  161  152  138  122  109  102  101  104  106  104   99
   93   88   84   79   73   65   56   50   46   44   44   43   41   40   38   38
   40   43   48   53   56   58   59   60   60   60   59   57   56   57   62   71
   82   93  104  113  120  126  129  130  129  126  124  124  126  129  133  136
  140  143  149  156  164  170  173  172  169
    42.5-180.0 180.0   5.0 450.0                            LAT/LON1/LON2/DLON/H
  171  169  169  172  175  175  169  156  138  122  112  109  110  110  107  101
   94   90   88   85   80   73   65   58   55   53   51   50   48   46   45   45
   48   52   57   61   64   64   64   63   63   63   63   62   61   63   69   79
   92  106  118  128  136  142  145  145  142  139  137  136  138  141  143  145
  146  147  152  158  166  172  175  174  171
    40.0-180.0 180.0   5.0 450.0                            LAT/LON1/LON2/DLON/H
  173  171  171  175  180  182  179  168  152  136  124  119  118  117  112  104
   97   93   92   91   86   80   72   66   63   61   59   56   54   51   50   51
   54   58   63   67   68   67   65   63   64   65   67   67   67   69   76   87
  102  117  131  142  151  157  160  160  157  153  150  149  149  150  151  151
  151  152  156  163  171  177  179  177  173
    37.5-180.0 180.0   5.0 450.0                            LAT/LON1/LON2/DLON/H
  184  180  178  179  182  185  184  176  162  146  135  129  128  125  118  109
  100   96   95   95   91   85   78   73   70   68   65   62   58   55   54   55
   58   62   66   69   69   67   64   63   64   68   71   73   74   77   83   95
  110  126  140  152  162  169  173  173  170  166  162  159  158  158  158  158
  158  161  167  176  186  192  192  189  184
    35.0-180.0 180.0   5.0 450.0                            LAT/LON1/LON2/DLON/H
  212  206  200  194  191  189  187  181  169  155  144  139  137  134  126  114
  104   99   98   97   93   88   82   78   76   74   70   66   62   59   58   59
   61   65   68   70   69   66   63   62   66   72   78   81   82   83   88   99
  114  130  144  157  168  176  181  182  180  175  171  167  165  163  164  166
  170  178  189  202  214  221  222  218  212
    32.5-180.0 180.0   5.0 450.0                            LAT/LON1/LON2/DLON/H
  263  255  244  230  215  204  196  189  178  165  154  148  145  141  132  119
  108  101   99   97   93   87   83   81   80   78   74   69   65   63   62   63
   65   67   69   70   68   65   63   64   69   77   84   88   87   87   90  100
  113  128  142  155  168  179  186  188  186  182  177  172  168  167  170  176
  188  203  222  242  258  267  270  267  263
    30.0-180.0 180.0   5.0 450.0                            LAT/LON1/LON2/DLON/H
  336  330  315  290  262  237  220  208  196  181  168  158  153  147  136  122
  109  100   96   93   89   84   82   82   82   81   78   73   69   67   67   68
   69   71   71   71   69   66   65   67   73   82   89   92   90   87   88   95
  107  121  135  150  164  178  187  191  190  186  180  174  170  170  177  191
  212  238  266  293  314  328  334  336  336
    27.5-180.0 180.0   5.0 450.0                            LAT/LON1/LON2/DLON/H
  424  425  410  376  332  292  264  245  228  209  190  175  164  153  139  123
  107   97   91   87   83   80   80   82   85   84   81   77   74   74   74   75
   76   76   75   73   71   69   68   70   76   84   91   92   88   82   80   86
   97  111  126  142  159  175  187  194  194  190  184  177  173  175  188  210
  241  277  314  348  375  393  405  415  424
    25.0-180.0 180.0   5.0 450.0                            LAT/LON1/LON2/DLON/H
  515  527  516  477  421  367  326  300  277  252  224  199  180  162  143  123
  105   93   85   80   76   75   78   83   87   87   84   82   80   81   82   83
   83   82   80   77   74   71   71   73   77   83   87   86   80   73   69   74
   85  100  117  135  154  173  189  197  199  195  189  182  178  184  202  233
  272  316  359  398  430  452  472  493  515
    22.5-180.0 180.0   5.0 450.0                            LAT/LON1/LON2/DLON/H
  592  619  616  578  515  450  402  369  342  309  271  235  204  176  150  125
  105   90   81   75   72   73   78   85   89   90   88   86   86   88   90   91
   90   88   85   81   77   74   73   73   75   78   80   77   69   60   57   62
   75   92  110  130  153  175  192  203  206  204  198  191  189  197  220  256
  301  348  394  435  468  495  521  554  592
    20.0-180.0 180.0   5.0 450.0                            LAT/LON1/LON2/DLON/H
  639  681  691  658  595  528  478  444  414  376  329  281  237  199  164  133
  109   92   82   75   73   76   82   90   93   93   91   90   91   94   96   97
   96   94   89   84   79   75   73   72   71   71   69   65   57   48   46   52
   67   87  108  130  155  180  200  212  217  217  212  206  205  215  240  279
  324  370  414  453  484  512  544  587  639
    17.5-180.0 180.0   5.0 450.0                            LAT/LON1/LON2/DLON/H
  647  702  724  701  645  584  539  510  483  444  391  333  278  229  186  149
  122  103   90   83   81   84   91   97   99   96   93   93   95   98  100  100
  100   97   92   86   80   76   73   70   66   63   59   54   46   39   38   47
   64   86  110  134  161  188  210  224  231  232  230  226  226  238  263  300
  341  381  418  450  478  504  536  585  647
    15.0-180.0 180.0   5.0 450.0                            LAT/LON1/LON2/DLON/H
  617  678  709  697  654  606  574  556  536  501  448  385  323  265  215  174
  143  122  108  100   97   99  104  108  106  101   96   95   97   99  101  101
  100   98   93   87   81   77   73   68   63   57   52   47   41   35   36   46
   65   90  115  141  169  197  220  236  245  249  249  248  251  263  286  317
  350  381  408  433  454  475  505  553  617
    12.5-180.0 180.0   5.0 450.0                            LAT/LON1/LON2/DLON/H
  558  616  650  648  620  590  575  573  566  539  491  430  365  303  249  206
  173  151  135  124  119  119  121  120  115  106   99   97   98   99  100   99
   99   97   93   87   82   78   75   69   62   56   51   46   41   37   38   49
   70   95  121  148  176  204  228  246  257  264  267  270  275  287  307  331
  354  375  393  410  424  438  460  500  558
    10.0-180.0 180.0   5.0 450.0                            LAT/LON1/LON2/DLON/H
  487  533  564  567  553  541  546  560  567  552  514  459  398  337  283  239
  207  184  166  152  144  141  139  135  125  113  103   99   98   98   98   97
   97   96   93   89   84   81   78   73   66   60   55   51   46   42   44   55
   75  100  126  153  181  208  232  250  263  273  280  287  295  307  324  341
  356  368  380  391  400  407  418  444  487
     7.5-180.0 180.0   5.0 450.0                            LAT/LON1/LON2/DLON/H
  423  452  472  476  472  476  496  524  544  541  515  470  417  362  311  270
  240  216  197  181  170  163  157  149  136  121  109  103   99   98   96   95
   95   96   94   90   87   85   83   79   73   67   63   59   55   51   51   60
   79  103  128  154  181  208  231  249  262  274  285  296  308  321  334  347
  357  365  375  385  391  392  391  400  423
     5.0-180.0 180.0   5.0 450.0                            LAT/LON1/LON2/DLON/H
  384  393  398  398  399  413  443  479  505  512  497  465  421  374  330  294
  266  244  224  205  191  182  173  162  146  130  116  107  102   98   95   94
   95   96   95   93   90   88   87   84   79   75   72   69   64   59   57   64
   81  103  127  151  177  202  224  241  254  266  280  295  310  325  338  348
  357  367  380  394  402  399  389  382  384
     2.5-180.0 180.0   5.0 450.0                            LAT/LON1/LON2/DLON/H
  378  368  360  352  354  371  402  438  465  476  469  447  413  374  337  306
  283  262  242  223  207  195  185  172  156  139  124  113  104   98   95   94
   95   96   96   94   92   90   89   87   84   81   78   75   70   64   61   66
   80   99  122  145  169  193  213  228  239  251  266  284  302  319  333  345
  357  373  394  415  428  425  411  392  378
