gnss_preprocessor/dataset/smartLoc/Frankfurt_Westend_Tower/codg2510.16i
     1.0            IONOSPHERE MAPS     GNSS                IONEX VERSION / TYPE
ADDNEQ2 V5.3        AIUB                11-SEP-16 21:13     PGM / RUN BY / DATE 
CODE'S GLOBAL IONOSPHERE MAPS FOR DAY 251, 2016             COMMENT             
Global ionosphere maps (GIM) are generated on a daily basis DESCRIPTION         
at CODE using data from about 300 GNSS sites of the IGS and DESCRIPTION         
other institutions. The vertical total electron content     DESCRIPTION         
(VTEC) is modeled in a solar-geomagnetic reference frame    DESCRIPTION         
using a spherical harmonics expansion up to degree and      DESCRIPTION         
order 15. Piece-wise linear functions are used for          DESCRIPTION         
representation in the time domain. The time spacing of      DESCRIPTION         
their vertices is 1 hour, conforming with the epochs of the DESCRIPTION         
VTEC maps.                                                  DESCRIPTION         
To convert line-of-sight TEC into vertical TEC, a modified  DESCRIPTION         
single-layer model mapping function approximating the JPL   DESCRIPTION         
extended slab model mapping function is adopted. The        DESCRIPTION         
mapping function is evaluated at geodetic satellite         DESCRIPTION         
elevation angles. For the computation of the ionospheric    DESCRIPTION         
pierce points, a spherical layer with a radius of 6821 km   DESCRIPTION         
is assumed, implying geocentric, not geodetic IONEX         DESCRIPTION         
latitudes.                                                  DESCRIPTION         
Instrumental biases with respect to each involved GNSS code DESCRIPTION         
observable are estimated as constant values for each        DESCRIPTION         
day. They are modeled with one set of bias parameters for   DESCRIPTION         
each satellite and each station in case of GPS and for each DESCRIPTION         
satellite-station link in case of GLONASS. The code bias    DESCRIPTION         
datum is defined by zero-mean conditions imposed on the     DESCRIPTION         
satellite bias estimates. In this file, just GPS C1W-C2W    DESCRIPTION         
satellite and station bias values are included. The         DESCRIPTION         
complete set of GNSS code bias results is provided in an    DESCRIPTION         
additional Bias-SINEX file as pseudo-absolute values        DESCRIPTION         
specific to each observable.                                DESCRIPTION         
Note: These GIM results correspond to the results for the   DESCRIPTION         
middle day of a 3-day combination analysis solving for 73   DESCRIPTION         
times 256, or 18688 VTEC parameters and 3 daily sets of     DESCRIPTION         
GNSS code bias parameters.                                  DESCRIPTION         
Contact address: code(at)aiub.unibe.ch                      DESCRIPTION         
Data archive:    ftp.unibe.ch/aiub/CODE/                    DESCRIPTION         
                 www.aiub.unibe.ch/download/CODE/           DESCRIPTION         
  2016     9     7     0     0     0                        EPOCH OF FIRST MAP  
  2016     9     8     0     0     0                        EPOCH OF LAST MAP   
  3600                                                      INTERVAL            
[...]
dav1 dgar dgav dhlg drao dubo ebre faa1 fair faiv fale flin COMMENT             
flrs frdn func ganp glps glsv gmsd gode godz gold gope gras COMMENT             
graz guam guat guug harb hers hert hlfx hnpt hob2 hofn holb COMMENT             
holm hrao hyde iddr ieng iisc ineg invk iqal iqui irkj isba COMMENT             
ispa jog2 joz2 joze karr kat1 kely kerg khar kir0 kiru kit3 COMMENT             
kokb kokv kouc kour lama lhaz lmmf lpal lpgs m0se mac1 madr COMMENT             
mag0 mal2 mana mas1 mat1 mate maui maw1 mbar mcil mcm4 mdvj COMMENT             
medi mets mgue mizu mkea mnls mobj mobk mobs monp morp mqzg COMMENT             
mtka nano nico nist nium nklg nlib not1 novm nrc1 nril nrmd COMMENT             
nya1 ohi2 ohi3 onsa pado palv park pbri pdel penc pert pfa2 COMMENT             
pie1 pimo pol2 polv pots pove prds ptbb qaq1 quin rabt ramo COMMENT             
rbay rcmn recf reso reun reyk rio2 riop roth salu sant savo COMMENT             
sch2 scor scrz shao sofi spt0 ssia sthl stjo stk2 str2 suth COMMENT             
sutm sutv suwn sydn syog tabl tabv tash thti thu2 thu3 tid1 COMMENT             
tidb tixg tixi tlse tn22 tow2 tro1 tsea tskb twtf txes uclu COMMENT             
ufpr unb3 unbj unsa untr urum urus usn7 usud vald vill vtsp COMMENT             
wab1 wab2 wgtn whit will wind wsrt wtza wtzr wtzs wtzz wuhn COMMENT             
xmis yakt yar2 yar3 yarr ycba yell ykro yssk zamb zeck zim2 COMMENT             
zimj zimm                                                   COMMENT             
                                                            END OF HEADER       
[from data line 3432]
     9                                                      START OF TEC MAP    
  2016     9     7     8     0     0                        EPOCH OF CURRENT MAP
    87.5-180.0 180.0   5.0 450.0                            LAT/LON1/LON2/DLON/H
   67   68   69   70   71   72   73   74   76   77   79   80   81   83   84   85
   87   88   89   90   91   92   92   93   94   94   95   95   95   95   95   95
   95   95   94   94   94   93   92   92   91   90   89   88   87   86   84   83
   82   81   79   78   77   75   74   73   72   71   70   69   68   67   67   66
   66   65   65   65   65   65   66   66   67
    85.0-180.0 180.0   5.0 450.0                            LAT/LON1/LON2/DLON/H
   52   53   55   56   58   61   63   66   68   71   74   77   79   82   84   86
   88   90   92   93   95   96   97   98   98   99  100  100  100  101  101  101
  101  101  100  100  100   99   98   97   96   95   93   92   90   88   86   84
   82   80   78   76   73   71   69   67   65   62   60   59   57   55   54   52
   51   51   50   50   49   50   50   51   52
    82.5-180.0 180.0   5.0 450.0                            LAT/LON1/LON2/DLON/H
   40   41   43   45   47   50   53   57   60   64   68   71   75   78   81   84
   86   88   89   91   92   93   93   94   94   95   95   96   96   97   98   98
   99   99  100  100  100  100   99   99   98   97   95   94   92   91   89   86
   84   82   79   77   74   71   69   66   63   61   58   56   53   51   49   47
   45   43   42   40   40   39   39   39   40
    80.0-180.0 180.0   5.0 450.0                            LAT/LON1/LON2/DLON/H
   35   35   35   37   39   41   45   48   52   57   61   65   69   73   76   78
   80   81   82   83   83   83   83   82   82   83   83   84   85   87   88   90
   91   93   94   95   96   97   97   97   97   97   96   95   94   93   92   90
   88   86   84   82   79   77   74   72   69   67   64   61   59   56   53   51
   48   46   43   41   39   37   36   35   35
    77.5-180.0 180.0   5.0 450.0                            LAT/LON1/LON2/DLON/H
   37   35   34   33   34   36   38   42   45   50   54   59   63   66   69   71
   72   73   72   72   71   69   68   67   67   67   67   69   70   73   75   78
   81   84   86   88   90   92   93   94   95   95   96   96   96   96   95   95
   94   93   91   90   88   86   84   82   80   78   76   74   72   69   67   64
   61   58   55   52   48   45   42   39   37
    75.0-180.0 180.0   5.0 450.0                            LAT/LON1/LON2/DLON/H
   45   41   37   34   33   33   34   36   40   44   48   52   56   59   62   63
   64   64   62   61   58   56   54   52   51   51   52   54   56   60   64   68
   72   75   79   82   84   86   88   90   92   94   95   97   98   99  100  100
  100  100   99   98   97   96   95   94   93   92   91   89   88   86   84   81
   79   76   72   69   64   60   55   50   45
    72.5-180.0 180.0   5.0 450.0                            LAT/LON1/LON2/DLON/H
   57   50   43   38   34   32   31   33   35   39   43   47   51   54   56   57
   57   56   55   52   49   46   44   41   40   40   41   43   47   51   56   61
   66   70   74   77   80   82   85   87   89   92   95   97  100  102  103  104
  105  105  105  105  105  104  104  104  104  103  103  102  102  100   99   98
   96   93   90   87   82   77   71   64   57
    70.0-180.0 180.0   5.0 450.0                            LAT/LON1/LON2/DLON/H
   68   58   49   41   35   31   29   30   32   35   38   42   46   49   51   52
   53   52   50   48   45   41   38   36   35   34   36   39   43   48   53   59
   64   69   73   76   78   80   82   84   87   90   94   98  101  103  106  107
  108  108  108  108  108  108  108  108  109  109  109  109  109  109  108  107
  106  105  103  101   97   92   85   77   68
    67.5-180.0 180.0   5.0 450.0                            LAT/LON1/LON2/DLON/H
   75   64   53   43   35   30   27   26   28   31   35   39   42   45   47   49
   49   49   48   46   43   40   37   35   34   34   35   38   43   48   54   59
   65   69   73   75   77   78   80   82   85   89   93   98  101  104  106  107
  108  108  107  107  107  107  107  108  108  108  108  108  108  108  108  108
  108  108  108  107  105  101   94   86   75
    65.0-180.0 180.0   5.0 450.0                            LAT/LON1/LON2/DLON/H
   78   66   54   43   34   27   24   23   24   27   31   35   38   41   44   45
   46   47   46   45   43   40   38   36   35   35   37   40   44   49   55   61
   66   70   73   75   76   77   78   81   84   88   93   98  102  104  105  106
  106  105  105  104  104  104  104  104  103  103  103  102  102  101  101  101
  102  103  105  105  105  102   97   89   78
    62.5-180.0 180.0   5.0 450.0                            LAT/LON1/LON2/DLON/H
   78   66   53   41   31   25   21   20   21   24   28   31   34   37   39   41
   43   44   44   43   41   39   37   36   36   36   38   41   45   50   55   60
   65   69   72   74   74   75   77   79   83   88   93   98  102  104  105  104
  103  103  102  102  102  102  101  100   99   98   97   95   94   93   92   92
   92   94   96   99  100   99   96   88   78
    60.0-180.0 180.0   5.0 450.0                            LAT/LON1/LON2/DLON/H
   77   65   52   40   31   24   20   18   19   21   24   28   30   33   34   36
   37   38   39   38   37   35   34   33   33   34   36   39   43   47   52   57
   62   66   69   71   72   73   75   78   83   88   95  100  103  105  105  104
  103  102  103  103  104  103  103  101   99   97   94   92   90   88   86   84
   84   86   88   92   95   95   93   86   77
    57.5-180.0 180.0   5.0 450.0                            LAT/LON1/LON2/DLON/H
   77   66   55   44   35   27   22   20   19   20   22   25   27   28   29   30
   31   32   32   31   29   28   27   27   28   30   32   35   38   42   47   52
   57   62   66   69   71   72   75   78   84   90   97  103  107  109  108  107
  106  107  108  110  111  111  110  108  105  102   99   96   93   90   87   85
   83   83   86   89   92   94   92   86   77
    55.0-180.0 180.0   5.0 450.0                            LAT/LON1/LON2/DLON/H
   83   73   63   53   45   37   30   26   23   21   22   23   24   25   25   25
   25   25   24   23   21   19   19   20   22   24   27   30   33   37   41   47
   52   58   63   67   70   73   76   80   87   94  103  109  114  115  115  114
  114  116  118  121  123  123  122  120  117  113  110  107  104  101   97   94
   90   89   90   93   96   97   96   91   83
    52.5-180.0 180.0   5.0 450.0                            LAT/LON1/LON2/DLON/H
   92   84   76   68   61   53   44   36   30   26   24   24   24   23   23   22
   21   20   19   17   15   13   13   14   17   21   24   27   30   33   38   43
   49   56   62   68   72   76   79   84   92  101  110  118  123  125  126  125
  126  128  131  135  137  138  137  134  131  128  125  123  121  118  114  109
  105  102  101  102  104  105  104   99   92
    50.0-180.0 180.0   5.0 450.0                            LAT/LON1/LON2/DLON/H
  103   97   92   87   81   73   62   51   41   34   30   28   27   25   23   21
   20   19   17   15   13   11   12   14   17   21   24   27   30   33   37   43
   49   57   65   71   77   81   86   91   99  109  120  129  136  138  139  139
  140  142  145  147  149  150  149  146  144  141  139  138  137  135  131  126
  121  116  114  114  115  115  113  109  103
    47.5-180.0 180.0   5.0 450.0                            LAT/LON1/LON2/DLON/H
  111  108  106  104  101   93   81   67   53   43   38   35   33   30   27   24
   23   21   20   18   17   16   17   19   23   26   29   31   33   36   41   46
   53   61   70   78   85   90   95  101  109  120  132  142  150  153  154  154
  154  155  156  156  157  156  155  153  151  150  149  149  149  148  144  139
  133  128  124  123  122  121  119  115  111
    45.0-180.0 180.0   5.0 450.0                            LAT/LON1/LON2/DLON/H
  112  111  113  115  115  109   97   81   65   54   47   44   42   38   34   31
   29   28   28   27   26   26   27   30   33   35   36   37   39   42   47   53
   59   68   77   86   94  101  106  112  121  132  145  156  164  167  168  167
  166  164  163  160  158  156  155  154  153  153  153  154  154  152  149  143
  137  131  127  124  123  121  118  115  112
    42.5-180.0 180.0   5.0 450.0                            LAT/LON1/LON2/DLON/H
  104  105  109  115  119  116  106   90   74   63   57   54   52   48   44   39
   37   38   38   39   39   39   41   43   44   44   44   43   45   48   54   60
   66   74   84   94  104  112  118  125  134  145  158  169  177  180  180  178
  176  172  167  161  156  153  152  152  152  152  153  154  153  151  146  140
  134  128  123  119  115  112  109  106  104
    40.0-180.0 180.0   5.0 450.0                            LAT/LON1/LON2/DLON/H
   87   89   95  103  111  112  106   93   79   69   65   64   63   60   55   50
   48   48   50   51   52   52   54   55   54   52   49   48   49   53   59   66
   73   81   91  102  114  123  131  138  147  158  170  180  187  190  190  188
  184  178  170  162  156  152  151  152  153  153  153  153  152  148  141  134
  127  121  115  109  103   98   93   89   87
    37.5-180.0 180.0   5.0 450.0                            LAT/LON1/LON2/DLON/H
   68   68   73   82   92   97   95   87   77   71   70   72   73   71   66   61
   58   58   60   62   62   63   63   62   59   55   50   48   50   56   63   70
   77   85   96  108  122  134  143  151  159  169  180  189  196  198  198  196
  193  187  179  170  164  160  160  161  162  162  161  160  157  150  142  133
  125  118  111  102   93   84   77   71   68
    35.0-180.0 180.0   5.0 450.0                            LAT/LON1/LON2/DLON/H
   51   47   49   56   67   76   79   76   72   70   73   78   82   81   77   71
   68   67   68   69   68   67   66   64   59   53   48   46   49   56   64   72
   80   88   99  113  129  143  154  162  170  179  188  197  202  205  206  206
  204  201  195  189  184  182  183  184  184  183  181  179  174  166  155  145
  136  128  119  106   92   78   67   58   51
    32.5-180.0 180.0   5.0 450.0                            LAT/LON1/LON2/DLON/H
   46   36   32   35   43   53   60   63   63   66   73   81   88   90   86   81
   76   74   73   72   70   67   64   60   55   48   43   42   46   55   65   74
   82   91  102  117  134  150  163  172  180  187  195  202  208  211  215  218
  221  223  222  220  219  220  221  222  220  217  216  213  209  200  187  175
  165  156  145  128  107   87   70   57   46
    30.0-180.0 180.0   5.0 450.0                            LAT/LON1/LON2/DLON/H
   56   41   28   24   28   37   46   52   56   62   71   82   91   96   94   89
   84   79   75   72   68   64   59   55   49   43   39   39   45   55   66   77
   86   95  106  121  138  155  169  179  187  193  201  208  214  220  227  235
  244  252  258  262  265  269  271  270  267  263  261  261  258  250  237  225
  214  204  190  168  140  114   91   73   56
    27.5-180.0 180.0   5.0 450.0                            LAT/LON1/LON2/DLON/H
   85   63   43   30   28   33   41   47   53   60   70   82   93  100  101   97
   90   83   76   70   64   59   55   50   45   41   38   40   47   58   70   81
   91  100  112  126  142  159  174  185  192  199  206  214  223  232  243  256
  271  286  298  309  316  322  324  322  316  312  312  315  316  311  300  287
  277  266  249  223  189  156  129  106   85
    25.0-180.0 180.0   5.0 450.0                            LAT/LON1/LON2/DLON/H
  127  100   74   54   44   43   47   52   57   62   70   81   92  101  105  102
   94   85   76   68   62   57   53   49   46   43   43   46   53   63   75   87
   98  107  118  130  145  162  177  188  196  203  212  223  236  249  264  281
  300  320  338  352  363  369  371  367  361  357  360  368  374  374  365  353
  343  332  314  285  246  208  177  152  127
    22.5-180.0 180.0   5.0 450.0                            LAT/LON1/LON2/DLON/H
  176  148  117   92   75   68   66   66   67   69   73   81   91  102  107  105
   97   86   76   67   61   58   55   53   52   51   51   54   61   70   81   93
  105  115  125  135  148  163  178  190  200  209  221  235  252  270  287  306
  328  350  370  386  397  402  403  399  393  392  398  411  424  428  423  412
  402  391  372  341  301  261  228  202  176
    20.0-180.0 180.0   5.0 450.0                            LAT/LON1/LON2/DLON/H
  224  196  166  137  115  102   93   88   84   81   80   84   92  101  107  106
   98   86   75   68   64   62   62   62   62   62   62   64   68   76   86   98
  111  122  131  139  150  165  180  193  204  216  231  251  272  293  312  331
  351  372  391  405  413  417  417  415  411  413  422  440  458  467  465  455
  444  432  414  383  344  304  272  248  224
    17.5-180.0 180.0   5.0 450.0                            LAT/LON1/LON2/DLON/H
  263  238  210  182  158  139  125  114  106   98   92   90   94  102  108  106
   98   85   75   70   69   70   73   74   75   74   73   72   74   78   88  100
  114  126  135  142  152  166  182  197  211  225  244  268  293  317  336  353
  369  385  400  410  414  416  416  416  417  422  435  455  476  488  487  477
  464  451  432  404  368  332  304  283  263
    15.0-180.0 180.0   5.0 450.0                            LAT/LON1/LON2/DLON/H
  287  268  245  220  197  175  157  142  129  118  108  102  101  105  109  107
   97   85   76   73   75   80   84   86   86   84   80   76   75   77   86   99
  115  128  137  144  154  169  186  203  219  236  259  286  314  338  356  369
  380  391  401  405  405  404  406  411  418  426  440  460  481  495  494  481
  464  447  429  404  373  343  320  303  287
    12.5-180.0 180.0   5.0 450.0                            LAT/LON1/LON2/DLON/H
  299  285  267  247  226  205  184  167  153  141  129  118  113  112  113  109
   98   86   78   77   83   90   95   97   95   89   83   76   71   72   81   95
  112  126  137  145  157  173  192  211  229  248  273  302  331  356  371  381
  387  394  398  399  395  393  398  408  421  432  445  462  481  493  490  474
  451  429  409  388  363  340  323  311  299
    10.0-180.0 180.0   5.0 450.0                            LAT/LON1/LON2/DLON/H
  302  291  278  264  247  226  206  188  176  165  152  139  129  124  121  114
  103   90   83   84   91   99  104  104   99   91   81   71   65   66   75   91
  109  124  135  146  160  178  199  219  239  260  285  314  344  366  380  387
  391  395  399  397  393  391  399  415  432  445  455  466  480  489  484  463
  433  406  383  364  346  331  319  310  302
     7.5-180.0 180.0   5.0 450.0                            LAT/LON1/LON2/DLON/H
  301  292  283  273  260  242  222  207  197  188  177  163  149  140  133  124
  111   97   90   92  100  107  110  107  100   89   77   65   59   60   70   87
  105  122  134  147  164  184  206  227  248  269  293  321  349  370  382  388
  393  399  405  405  402  402  412  433  453  466  470  475  483  489  481  455
  419  385  360  342  330  321  315  309  301
     5.0-180.0 180.0   5.0 450.0                            LAT/LON1/LON2/DLON/H
  304  295  287  279  269  254  237  223  216  211  202  187  171  159  149  137
  122  108  100  102  109  115  115  109   98   85   72   61   55   57   68   85
  104  121  134  149  167  189  212  233  253  274  297  322  346  366  378  385
  394  405  416  422  422  423  435  457  479  489  488  486  489  492  483  454
  413  373  344  328  321  317  315  311  304
     2.5-180.0 180.0   5.0 450.0                            LAT/LON1/LON2/DLON/H
  311  301  293  286  278  266  250  239  234  232  224  210  193  178  166  152
  136  120  112  112  118  121  119  110   97   83   70   60   55   58   70   87
  106  121  135  150  169  192  214  235  254  273  294  316  337  355  368  378
  392  410  429  441  445  448  459  480  499  506  501  494  494  495  486  456
  412  369  338  323  319  321  322  319  311
