gnss_preprocessor/dataset/smartLoc/Frankfurt_Main_Tower/codg2520.16i
     1.0            IONOSPHERE MAPS     GNSS                IONEX VERSION / TYPE
ADDNEQ2 V5.3        AIUB                12-SEP-16 20:32     PGM / RUN BY / DATE 
CODE'S GLOBAL IONOSPHERE MAPS FOR DAY 252, 2016             COMMENT             
Global ionosphere maps (GIM) are generated on a daily basis DESCRIPTION         
at CODE using data from about 300 GNSS sites of the IGS and DESCRIPTION         
other institutions. The vertical total electron content     DESCRIPTION         
(VTEC) is modeled in a solar-geomagnetic reference frame    DESCRIPTION         
using a spherical harmonics expansion up to degree and      DESCRIPTION         
order 15. Piece-wise linear functions are used for          DESCRIPTION         
representation in the time domain. The time spacing of      DESCRIPTION         
their vertices is 1 hour, conforming with the epochs of the DESCRIPTION         
VTEC maps.                                                  DESCRIPTION         
To convert line-of-sight TEC into vertical TEC, a modified  DESCRIPTION         
single-layer model mapping function approximating the JPL   DESCRIPTION         
extended slab model mapping function is adopted. The        DESCRIPTION         
mapping function is evaluated at geodetic satellite         DESCRIPTION         
elevation angles. For the computation of the ionospheric    DESCRIPTION         
pierce points, a spherical layer with a radius of 6821 km   DESCRIPTION         
is assumed, implying geocentric, not geodetic IONEX         DESCRIPTION         
latitudes.                                                  DESCRIPTION         
Instrumental biases with respect to each involved GNSS code DESCRIPTION         
observable are estimated as constant values for each        DESCRIPTION         
day. They are modeled with one set of bias parameters for   DESCRIPTION         
each satellite and each station in case of GPS and for each DESCRIPTION         
satellite-station link in case of GLONASS. The code bias    DESCRIPTION         
datum is defined by zero-mean conditions imposed on the     DESCRIPTION         
satellite bias estimates. In this file, just GPS C1W-C2W    DESCRIPTION         
satellite and station bias values are included. The         DESCRIPTION         
complete set of GNSS code bias results is provided in an    DESCRIPTION         
additional Bias-SINEX file as pseudo-absolute values        DESCRIPTION         
specific to each observable.                                DESCRIPTION         
Note: These GIM results correspond to the results for the   DESCRIPTION         
middle day of a 3-day combination analysis solving for 73   DESCRIPTION         
times 256, or 18688 VTEC parameters and 3 daily sets of     DESCRIPTION         
GNSS code bias parameters.                                  DESCRIPTION         
Contact address: code(at)aiub.unibe.ch                      DESCRIPTION         
Data archive:    ftp.unibe.ch/aiub/CODE/                    DESCRIPTION         
                 www.aiub.unibe.ch/download/CODE/           DESCRIPTION         
  2016     9     8     0     0     0                        EPOCH OF FIRST MAP  
  2016     9     9     0     0     0                        EPOCH OF LAST MAP   
  3600                                                      INTERVAL            
[...]
dav1 dgar dgav dhlg drao dubo ebre faa1 fair faiv fale flin COMMENT             
flrs frdn func ganp glps glsv gmsd gode godz gold gope gras COMMENT             
graz guam guat guug harb hers hert hlfx hnpt hob2 hofn holb COMMENT             
hrao hyde iddr ieng iisc ineg invk iqal iqui irkj isba ispa COMMENT             
jog2 joz2 joze karr kat1 kely kerg khar kir0 kiru kit3 kokb COMMENT             
kokv kouc kour lama lhaz lmmf lpal lpgs m0se mac1 madr mag0 COMMENT             
mal2 mana mas1 mat1 mate maui maw1 mbar mcil mcm4 mdvj medi COMMENT             
mets mgue mizu mkea mnls mobj mobk mobs monp morp mqzg mtka COMMENT             
nano nico nist nium nklg nlib not1 novm nrc1 nril nrmd nya1 COMMENT             
ohi2 ohi3 onsa pado palv park pbri pdel penc pert pfa2 pie1 COMMENT             
pimo pol2 polv pots pove prds ptbb qaq1 quin rabt ramo rbay COMMENT             
rcmn recf reso reun reyk rio2 riop roth salu sant savo sch2 COMMENT             
scor scrz shao sofi spt0 ssia sthl stjo stk2 str2 suth sutm COMMENT             
sutv suwn sydn syog tabl tabv tash thti thu2 thu3 tid1 tidb COMMENT             
tixg tixi tlse tn22 tow2 tro1 tsea tskb twtf txes uclu ufpr COMMENT             
unb3 unbj unsa untr urum urus usn7 usud vald vill vtsp wab1 COMMENT             
wab2 wgtn whit will wind wsrt wtza wtzr wtzs wtzz wuhn xmis COMMENT             
yakt yar2 yar3 yarr ycba yell ykro yssk zamb zeck zim2 zimj COMMENT             
zimm                                                        COMMENT             
                                                            END OF HEADER       
[from data line 5577]
    14                                                      START OF TEC MAP    
  2016     9     8    13     0     0                        EPOCH OF CURRENT MAP
    87.5-180.0 180.0   5.0 450.0                            LAT/LON1/LON2/DLON/H
  100  101  102  103  104  105  106  106  107  108  109  109  110  110  111  111
  111  111  111  111  111  111  111  111  110  110  109  108  108  107  106  105
  104  103  102  101  100   99   98   97   96   95   95   94   93   92   92   91
   91   90   90   90   89   89   89   90   90   90   90   91   91   92   92   93
   93   94   95   96   97   97   98   99  100
    85.0-180.0 180.0   5.0 450.0                            LAT/LON1/LON2/DLON/H
   93   95   96   98  100  101  103  104  106  107  108  110  111  112  112  113
  113  114  114  114  114  114  113  113  112  111  111  110  108  107  106  104
  103  101  100   98   96   94   92   90   88   86   85   83   82   80   79   78
   77   77   76   76   76   76   76   77   77   78   78   79   80   81   81   82
   83   84   85   87   88   89   90   92   93
    82.5-180.0 180.0   5.0 450.0                            LAT/LON1/LON2/DLON/H
   83   85   87   88   90   93   95   97   99  101  102  104  105  106  107  108
  109  109  109  109  109  109  109  108  108  108  107  106  105  104  103  102
  100   98   96   93   91   88   86   83   80   78   76   73   71   70   68   67
   66   66   65   65   65   66   66   67   68   69   69   70   71   72   73   74
   75   76   76   77   78   79   81   82   83
    80.0-180.0 180.0   5.0 450.0                            LAT/LON1/LON2/DLON/H
   72   74   75   77   79   81   83   85   88   90   92   94   95   96   97   98
   98   99   99   99   99   99   99  100  100  100  100  100  100  100   99   98
   97   96   93   91   88   85   82   79   76   73   70   67   65   63   62   61
   60   60   60   60   60   61   62   63   64   65   66   67   67   68   69   69
   70   70   70   70   70   71   71   72   72
    77.5-180.0 180.0   5.0 450.0                            LAT/LON1/LON2/DLON/H
   63   63   64   65   67   69   71   74   76   78   80   82   83   84   85   85
   85   86   86   86   87   87   88   89   90   92   93   94   95   96   97   97
   97   96   94   92   89   85   82   78   75   72   69   66   64   63   61   61
   60   60   60   60   60   61   62   63   64   65   66   67   68   68   69   69
   68   68   67   66   65   65   64   63   63
    75.0-180.0 180.0   5.0 450.0                            LAT/LON1/LON2/DLON/H
   57   57   56   57   58   60   61   63   66   67   69   70   71   72   72   73
   73   73   74   74   75   77   79   81   83   85   88   90   93   95   97   98
   99   99   97   95   92   89   85   82   78   75   73   71   69   68   67   66
   65   65   64   64   65   65   66   66   67   68   69   70   71   71   71   70
   70   69   67   66   64   62   60   59   57
    72.5-180.0 180.0   5.0 450.0                            LAT/LON1/LON2/DLON/H
   55   53   53   52   53   54   55   57   59   60   61   62   62   63   63   63
   63   64   65   66   68   70   73   76   79   83   86   90   93   97  100  102
  103  103  103  101   98   94   91   87   84   82   80   79   78   77   76   75
   74   73   72   71   70   69   69   70   70   71   72   72   72   72   72   71
   71   69   68   66   64   62   60   57   55
    70.0-180.0 180.0   5.0 450.0                            LAT/LON1/LON2/DLON/H
   55   53   52   51   51   52   53   54   55   56   56   57   57   57   57   57
   58   59   61   63   66   69   73   77   80   84   88   92   96  100  103  106
  108  109  108  106  103  100   96   93   91   90   89   89   89   88   87   86
   84   81   78   76   74   72   71   71   71   71   71   71   71   70   70   69
   68   68   67   66   64   62   60   57   55
    67.5-180.0 180.0   5.0 450.0                            LAT/LON1/LON2/DLON/H
   55   53   52   51   51   51   52   53   53   54   54   54   54   54   55   56
   57   58   61   64   68   72   76   80   85   89   93   96  100  103  107  110
  112  113  112  110  107  104  101   99   97   97   98   99  100   99   98   96
   92   88   83   78   75   72   70   68   68   67   67   66   65   64   63   62
   61   61   61   61   61   60   59   57   55
    65.0-180.0 180.0   5.0 450.0                            LAT/LON1/LON2/DLON/H
   53   51   50   50   50   51   51   51   51   51   52   52   52   53   55   56
   58   60   63   67   71   76   81   86   90   94   97  100  103  106  109  112
  114  114  114  112  109  106  103  102  102  103  106  108  109  109  107  103
   98   92   85   79   74   70   67   65   64   63   62   60   58   55   53   51
   51   51   52   53   54   55   55   54   53
    62.5-180.0 180.0   5.0 450.0                            LAT/LON1/LON2/DLON/H
   48   47   47   47   47   48   48   48   48   48   48   49   50   52   55   57
   60   63   66   70   74   79   85   90   94   98  100  102  104  107  109  112
  114  114  114  112  109  106  104  104  105  108  112  115  117  116  114  109
  102   94   87   79   73   68   65   63   61   60   58   55   52   48   43   40
   39   39   40   43   45   47   48   48   48
    60.0-180.0 180.0   5.0 450.0                            LAT/LON1/LON2/DLON/H
   41   40   41   41   42   42   42   42   42   41   42   44   47   50   54   58
   61   64   67   71   75   80   86   91   96   99  101  103  104  106  109  111
  113  114  113  111  109  106  105  106  108  112  117  120  122  122  119  113
  106   98   90   83   76   72   68   66   64   62   60   56   51   45   39   33
   30   29   30   33   36   38   40   41   41
    57.5-180.0 180.0   5.0 450.0                            LAT/LON1/LON2/DLON/H
   34   34   34   35   35   36   36   35   34   34   35   37   41   46   51   56
   60   64   67   70   74   79   85   91   96   99  101  103  104  106  109  111
  113  114  114  112  110  108  108  109  112  117  122  126  128  127  123  118
  111  104   97   91   86   81   78   75   74   72   69   64   58   50   41   34
   28   26   25   27   30   32   34   34   34
    55.0-180.0 180.0   5.0 450.0                            LAT/LON1/LON2/DLON/H
   31   30   30   30   31   31   30   29   27   26   27   30   35   41   47   53
   58   62   64   67   71   76   83   89   95   99  102  103  105  108  111  114
  116  117  117  116  114  113  113  115  118  123  128  132  133  132  129  125
  120  115  110  106  101   97   94   91   89   87   84   79   72   63   53   43
   36   31   29   30   31   32   33   32   31
    52.5-180.0 180.0   5.0 450.0                            LAT/LON1/LON2/DLON/H
   34   32   30   30   30   30   29   27   24   23   23   25   30   36   42   49
   55   59   62   65   69   75   81   89   95  100  103  105  108  111  115  119
  122  123  123  122  121  121  122  124  127  131  136  139  140  139  137  134
  131  129  127  124  121  117  113  110  107  105  102   98   91   82   71   61
   51   45   41   40   40   40   39   36   34
    50.0-180.0 180.0   5.0 450.0                            LAT/LON1/LON2/DLON/H
   43   39   37   36   36   36   34   31   28   25   24   25   28   32   39   45
   52   57   61   65   70   75   83   91   98  103  107  110  113  117  121  126
  129  131  132  132  132  132  134  136  139  142  146  148  149  149  147  145
  144  144  144  143  140  136  131  127  124  121  118  115  109  101   91   81
   72   64   60   57   55   54   51   47   43
    47.5-180.0 180.0   5.0 450.0                            LAT/LON1/LON2/DLON/H
   57   52   49   48   47   47   45   42   38   34   31   30   30   32   37   43
   50   57   63   68   73   80   88   96  104  109  113  116  119  123  128  133
  137  140  142  143  145  147  149  151  153  156  158  160  161  160  159  158
  158  159  159  158  155  150  144  138  134  131  128  126  121  115  108   99
   91   84   79   76   73   71   67   62   57
    45.0-180.0 180.0   5.0 450.0                            LAT/LON1/LON2/DLON/H
   72   67   63   62   62   61   60   57   53   49   44   40   37   36   38   44
   52   60   68   75   81   88   96  105  112  117  121  123  126  130  135  140
  144  148  151  154  158  162  166  168  170  172  173  175  175  174  172  170
  169  169  169  167  162  156  148  142  136  133  130  128  126  122  117  111
  105   99   95   92   89   87   83   78   72
    42.5-180.0 180.0   5.0 450.0                            LAT/LON1/LON2/DLON/H
   85   80   76   74   75   76   75   73   70   65   60   54   48   43   43   48
   56   66   76   83   91   98  106  114  120  125  128  129  131  134  139  144
  149  154  159  165  172  179  183  186  188  189  191  192  192  190  186  182
  179  176  173  169  163  155  147  139  133  129  126  124  122  121  118  115
  111  106  103  100   99   97   95   90   85
    40.0-180.0 180.0   5.0 450.0                            LAT/LON1/LON2/DLON/H
   91   86   83   82   83   85   87   86   84   80   75   68   60   54   52   55
   64   75   85   94  101  107  115  121  128  132  134  135  135  137  141  146
  152  159  167  176  186  195  202  205  207  208  209  211  210  207  201  194
  187  181  175  169  161  152  143  135  129  123  119  117  115  115  114  113
  110  106  103  101  100  100   98   96   91
    37.5-180.0 180.0   5.0 450.0                            LAT/LON1/LON2/DLON/H
   90   86   83   83   85   88   90   91   91   89   86   81   73   65   62   65
   74   85   96  104  110  115  121  127  132  136  138  138  138  139  142  147
  155  164  174  187  201  213  221  225  227  228  230  231  230  226  218  208
  198  189  180  172  164  155  146  137  130  123  117  113  111  111  111  110
  107  103   99   96   95   95   95   94   90
    35.0-180.0 180.0   5.0 450.0                            LAT/LON1/LON2/DLON/H
   84   81   78   78   80   84   87   88   90   91   91   88   83   77   74   77
   86   96  105  112  117  120  125  129  134  139  142  142  141  141  144  150
  160  171  185  200  217  231  240  246  248  250  251  253  252  246  237  225
  214  203  195  187  179  170  161  152  142  133  125  119  116  115  115  113
  108  101   95   90   88   87   88   87   84
    32.5-180.0 180.0   5.0 450.0                            LAT/LON1/LON2/DLON/H
   78   74   71   70   71   74   77   79   81   85   89   91   89   86   85   89
   97  107  114  119  121  123  126  129  135  140  145  146  146  147  150  158
  169  183  199  217  234  250  260  266  269  271  273  275  273  269  260  249
  238  230  223  218  211  202  192  181  168  156  145  137  133  132  131  127
  119  108   98   90   84   82   81   80   78
    30.0-180.0 180.0   5.0 450.0                            LAT/LON1/LON2/DLON/H
   75   71   66   64   64   66   67   68   70   75   82   88   91   92   93   99
  107  115  121  123  124  124  126  129  135  142  149  153  154  156  161  171
  185  201  219  237  255  270  280  286  290  292  294  296  296  292  286  278
  272  269  268  267  262  252  239  223  206  190  177  167  163  162  160  154
  142  127  112   99   90   85   81   79   75
    27.5-180.0 180.0   5.0 450.0                            LAT/LON1/LON2/DLON/H
   82   76   69   65   63   62   61   59   60   65   74   83   90   94   98  105
  114  121  125  126  125  126  127  130  136  145  155  162  165  169  178  191
  208  225  243  260  276  290  300  306  310  313  315  317  317  317  315  314
  315  320  327  330  326  314  295  272  249  229  214  204  201  201  199  192
  177  158  138  121  108   98   92   87   82
    25.0-180.0 180.0   5.0 450.0                            LAT/LON1/LON2/DLON/H
   98   91   83   76   71   67   63   58   56   59   68   78   87   93   99  108
  117  124  126  127  127  127  129  132  139  151  163  172  179  186  198  216
  236  254  270  285  298  310  319  325  330  333  335  337  339  342  346  353
  363  377  391  399  395  377  350  319  290  266  249  241  240  242  242  234
  218  196  173  153  136  123  113  106   98
    22.5-180.0 180.0   5.0 450.0                            LAT/LON1/LON2/DLON/H
  125  115  106   96   88   82   75   68   61   61   67   75   83   90   97  106
  116  122  125  126  128  130  133  137  145  158  172  183  193  204  221  243
  265  284  298  310  319  329  336  343  349  352  354  356  360  367  378  392
  411  433  453  463  456  431  395  355  320  293  277  270  272  277  279  272
  256  234  210  189  171  156  143  133  125
    20.0-180.0 180.0   5.0 450.0                            LAT/LON1/LON2/DLON/H
  156  145  134  123  113  104   96   86   76   71   72   76   81   85   92  101
  111  119  122  125  128  133  138  144  153  166  181  195  207  222  243  270
  295  313  325  333  339  346  353  361  367  371  373  375  380  392  408  428
  453  479  502  511  499  467  421  374  335  307  293  289  293  300  303  299
  284  264  242  222  204  189  176  165  156
    17.5-180.0 180.0   5.0 450.0                            LAT/LON1/LON2/DLON/H
  185  175  163  150  138  129  119  108   96   87   82   81   81   82   86   95
  105  114  119  123  129  137  144  151  161  175  191  205  219  238  264  294
  321  339  348  353  357  362  369  378  385  390  391  393  400  414  434  457
  483  511  532  537  519  479  426  376  336  311  298  296  301  308  312  309
  297  280  261  245  230  217  205  195  185
    15.0-180.0 180.0   5.0 450.0                            LAT/LON1/LON2/DLON/H
  208  198  186  171  158  149  140  130  117  105   95   88   83   79   81   89
  101  110  116  121  130  140  150  159  171  186  201  216  231  252  281  314
  342  359  367  370  373  377  384  394  403  408  409  411  419  435  455  478
  501  524  540  539  515  469  414  365  329  309  299  298  300  305  307  304
  294  281  266  254  243  234  224  216  208
    12.5-180.0 180.0   5.0 450.0                            LAT/LON1/LON2/DLON/H
  220  211  199  183  169  160  153  145  134  120  107   96   86   79   79   87
   98  108  115  121  131  143  156  168  181  197  213  228  244  266  296  330
  358  375  382  384  386  390  398  409  419  424  425  427  436  452  471  489
  506  521  530  522  492  444  392  349  322  308  302  299  297  295  293  288
  279  268  257  248  242  237  231  226  220
    10.0-180.0 180.0   5.0 450.0                            LAT/LON1/LON2/DLON/H
  220  213  201  185  170  160  155  150  142  129  115  101   89   80   80   88
  100  111  118  124  134  147  162  177  193  211  227  242  257  279  309  342
  368  384  392  395  397  402  410  421  431  436  437  439  448  463  479  492
  501  507  507  493  460  415  370  338  322  316  313  307  298  288  278  269
  259  248  238  232  229  228  226  224  220
     7.5-180.0 180.0   5.0 450.0                            LAT/LON1/LON2/DLON/H
  212  206  194  177  161  151  147  145  140  129  116  103   91   83   83   92
  106  117  124  130  139  153  170  188  207  226  244  258  273  293  321  350
  374  390  398  402  406  410  418  428  437  442  442  444  453  468  481  488
  488  486  479  461  428  389  355  336  332  334  332  323  306  287  269  254
  240  227  217  211  210  211  213  214  212
     5.0-180.0 180.0   5.0 450.0                            LAT/LON1/LON2/DLON/H
  199  194  182  165  148  137  134  133  130  123  112  101   91   85   88   99
  114  126  133  139  147  162  180  200  221  243  261  276  290  307  331  356
  377  391  400  406  410  414  420  428  436  439  438  441  450  465  475  477
  473  465  453  433  404  372  351  344  350  358  358  345  322  295  269  247
  228  211  198  190  189  192  196  199  199
     2.5-180.0 180.0   5.0 450.0                            LAT/LON1/LON2/DLON/H
  185  181  171  155  137  124  120  119  118  112  105   96   89   86   92  105
  122  136  144  150  158  172  191  212  235  258  278  292  305  320  339  359
  376  389  398  406  410  412  415  421  426  427  426  428  439  453  462  462
  455  444  431  412  387  364  353  357  370  381  381  366  340  307  275  248
  224  203  185  175  172  175  180  184  185
