gnss_preprocessor/dataset/smartLoc/Frankfurt_Main_Tower/codg2520.16i
     1.0            IONOSPHERE MAPS     GNSS                IONEX VERSION / TYPE
ADDNEQ2 V5.3        AIUB                12-SEP-16 20:32     PGM / RUN BY / DATE 
CODE'S GLOBAL IONOSPHERE MAPS FOR DAY 252, 2016             COMMENT             
Global ionosphere maps (GIM) are generated on a daily basis DESCRIPTION         
at CODE using data from about 300 GNSS sites of the IGS and DESCRIPTION         
other institutions. The vertical total electron content     DESCRIPTION         
(VTEC) is modeled in a solar-geomagnetic reference frame    DESCRIPTION         
using a spherical harmonics expansion up to degree and      DESCRIPTION         
order 15. Piece-wise linear functions are used for          DESCRIPTION         
representation in the time domain. The time spacing of      DESCRIPTION         
their vertices is 1 hour, conforming with the epochs of the DESCRIPTION         
VTEC maps.                                                  DESCRIPTION         
To convert line-of-sight TEC into vertical TEC, a modified  DESCRIPTION         
single-layer model mapping function approximating the JPL   DESCRIPTION         
extended slab model mapping function is adopted. The        DESCRIPTION         
mapping function is evaluated at geodetic satellite         DESCRIPTION         
elevation angles. For the computation of the ionospheric    DESCRIPTION         
pierce points, a spherical layer with a radius of 6821 km   DESCRIPTION         
is assumed, implying geocentric, not geodetic IONEX         DESCRIPTION         
latitudes.                                                  DESCRIPTION         
Instrumental biases with respect to each involved GNSS code DESCRIPTION         
observable are estimated as constant values for each        DESCRIPTION         
day. They are modeled with one set of bias parameters for   DESCRIPTION         
each satellite and each station in case of GPS and for each DESCRIPTION         
satellite-station link in case of GLONASS. The code bias    DESCRIPTION         
datum is defined by zero-mean conditions imposed on the     DESCRIPTION         
satellite bias estimates. In this file, just GPS C1W-C2W    DESCRIPTION         
satellite and station bias values are included. The         DESCRIPTION         
complete set of GNSS code bias results is provided in an    DESCRIPTION         
additional Bias-SINEX file as pseudo-absolute values        DESCRIPTION         
specific to each observable.                                DESCRIPTION         
Note: These GIM results correspond to the results for the   DESCRIPTION         
middle day of a 3-day combination analysis solving for 73   DESCRIPTION         
times 256, or 18688 VTEC parameters and 3 daily sets of     DESCRIPTION         
GNSS code bias parameters.                                  DESCRIPTION         
Contact address: code(at)aiub.unibe.ch                      DESCRIPTION         
Data archive:    ftp.unibe.ch/aiub/CODE/                    DESCRIPTION         
                 www.aiub.unibe.ch/download/CODE/           DESCRIPTION         
  2016     9     8     0     0     0                        EPOCH OF FIRST MAP  
  2016     9     9     0     0     0                        EPOCH OF LAST MAP   
  3600                                                      INTERVAL            
[...]
dav1 dgar dgav dhlg drao dubo ebre faa1 fair faiv fale flin COMMENT             
flrs frdn func ganp glps glsv gmsd gode godz gold gope gras COMMENT             
graz guam guat guug harb hers hert hlfx hnpt hob2 hofn holb COMMENT             
hrao hyde iddr ieng iisc ineg invk iqal iqui irkj isba ispa COMMENT             
jog2 joz2 joze karr kat1 kely kerg khar kir0 kiru kit3 kokb COMMENT             
kokv kouc kour lama lhaz lmmf lpal lpgs m0se mac1 madr mag0 COMMENT             
mal2 mana mas1 mat1 mate maui maw1 mbar mcil mcm4 mdvj medi COMMENT             
mets mgue mizu mkea mnls mobj mobk mobs monp morp mqzg mtka COMMENT             
nano nico nist nium nklg nlib not1 novm nrc1 nril nrmd nya1 COMMENT             
ohi2 ohi3 onsa pado palv park pbri pdel penc pert pfa2 pie1 COMMENT             
pimo pol2 polv pots pove prds ptbb qaq1 quin rabt ramo rbay COMMENT             
rcmn recf reso reun reyk rio2 riop roth salu sant savo sch2 COMMENT             
scor scrz shao sofi spt0 ssia sthl stjo stk2 str2 suth sutm COMMENT             
sutv suwn sydn syog tabl tabv tash thti thu2 thu3 tid1 tidb COMMENT             
tixg tixi tlse tn22 tow2 tro1 tsea tskb twtf txes uclu ufpr COMMENT             
unb3 unbj unsa untr urum urus usn7 usud vald vill vtsp wab1 COMMENT             
wab2 wgtn whit will wind wsrt wtza wtzr wtzs wtzz wuhn xmis COMMENT             
yakt yar2 yar3 yarr ycba yell ykro yssk zamb zeck zim2 zimj COMMENT             
zimm                                                        COMMENT             
                                                            END OF HEADER       
[from data line 9438]
    23                                                      START OF TEC MAP    
  2016     9     8    22     0     0                        EPOCH OF CURRENT MAP
    87.5-180.0 180.0   5.0 450.0                            LAT/LON1/LON2/DLON/H
   79   79   80   80   80   81   81   81   81   81   81   81   81   81   81   80
   80   79   79   78   77   76   76   75   74   73   72   71   70   70   69   68
   68   67   67   66   66   66   66   66   66   66   66   66   66   66   67   67
   68   68   69   69   70   70   71   71   72   72   73   73   74   74   75   75
   76   76   77   77   77   78   78   79   79
    85.0-180.0 180.0   5.0 450.0                            LAT/LON1/LON2/DLON/H
   82   83   83   84   85   86   87   88   89   89   90   90   90   90   90   89
   89   88   86   85   83   82   80   78   76   74   72   70   68   66   65   64
   62   61   60   60   59   59   59   59   59   59   60   60   61   62   63   63
   64   65   66   67   68   69   70   71   72   72   73   74   75   75   76   76
   77   77   78   79   79   80   80   81   82
    82.5-180.0 180.0   5.0 450.0                            LAT/LON1/LON2/DLON/H
   81   82   84   85   87   89   91   92   94   96   98   99  100  100  100   99
   99   97   95   93   91   88   85   82   79   76   73   70   67   65   62   60
   59   57   56   55   55   54   54   54   55   55   56   57   58   59   60   61
   62   63   65   66   67   68   69   70   71   72   73   74   74   75   76   76
   77   77   77   78   78   79   79   80   81
    80.0-180.0 180.0   5.0 450.0                            LAT/LON1/LON2/DLON/H
   78   79   81   83   85   88   91   94   97  101  103  106  107  109  109  109
  108  106  103  101   97   94   90   86   82   78   74   71   67   64   61   59
   57   55   54   53   53   52   53   53   53   54   54   55   56   57   58   59
   60   61   62   64   65   66   67   68   69   70   71   72   72   73   74   74
   75   75   75   75   76   76   76   77   78
    77.5-180.0 180.0   5.0 450.0                            LAT/LON1/LON2/DLON/H
   74   75   77   79   82   85   89   94   98  103  107  110  113  115  115  115
  114  112  109  105  102   98   93   89   85   80   76   72   68   64   61   59
   57   55   54   53   53   53   53   53   53   53   54   54   54   55   55   56
   57   58   59   59   60   62   63   64   65   66   67   68   69   69   70   71
   72   72   72   73   73   73   73   73   74
    75.0-180.0 180.0   5.0 450.0                            LAT/LON1/LON2/DLON/H
   71   72   73   75   78   81   86   91   97  103  108  112  115  117  118  117
  116  113  110  106  103   98   94   90   85   81   76   72   68   64   61   58
   56   55   54   53   53   53   53   53   53   52   52   52   51   51   51   51
   51   52   52   53   54   55   56   57   58   59   60   62   63   65   66   67
   68   69   70   71   71   71   71   71   71
    72.5-180.0 180.0   5.0 450.0                            LAT/LON1/LON2/DLON/H
   70   70   71   72   75   78   83   89   95  102  107  112  116  118  118  117
  114  111  108  104  100   97   93   89   85   80   76   71   67   63   59   56
   54   53   52   52   51   51   51   51   50   50   49   47   46   45   44   44
   44   44   44   45   45   46   47   48   49   51   53   55   57   59   62   64
   66   67   69   70   71   71   71   71   70
    70.0-180.0 180.0   5.0 450.0                            LAT/LON1/LON2/DLON/H
   73   72   72   72   74   77   81   87   93  100  106  111  114  116  115  113
  111  107  103  100   97   94   90   87   83   78   73   68   63   59   55   52
   50   48   47   47   47   47   47   46   46   44   43   41   39   37   36   35
   35   35   35   36   37   37   38   39   41   43   45   48   51   55   58   61
   64   66   68   70   71   72   73   73   73
    67.5-180.0 180.0   5.0 450.0                            LAT/LON1/LON2/DLON/H
   77   76   75   74   75   77   81   86   92   99  105  109  112  113  112  110
  107  103  100   97   94   92   89   86   82   77   71   65   59   54   50   46
   43   41   40   39   39   40   40   39   39   37   35   33   31   29   28   27
   27   27   28   28   29   30   31   32   34   36   39   43   47   51   55   59
   62   65   67   70   72   74   76   77   77
    65.0-180.0 180.0   5.0 450.0                            LAT/LON1/LON2/DLON/H
   81   81   80   78   78   79   82   87   92   98  103  108  110  111  110  107
  104  101   98   96   94   93   90   87   82   76   70   63   56   50   45   40
   37   34   32   31   31   31   31   32   31   30   28   26   24   22   21   20
   20   21   22   23   24   25   26   27   29   31   35   40   45   50   55   58
   61   64   66   69   72   76   78   80   81
    62.5-180.0 180.0   5.0 450.0                            LAT/LON1/LON2/DLON/H
   85   85   85   83   83   83   85   88   93   97  102  106  108  109  109  107
  105  102  100   99   98   97   95   91   86   79   71   63   55   49   43   38
   34   30   27   25   24   24   25   25   25   24   23   21   20   18   17   17
   17   18   19   21   22   23   23   24   26   29   33   39   45   51   56   59
   61   63   65   67   71   75   80   83   85
    60.0-180.0 180.0   5.0 450.0                            LAT/LON1/LON2/DLON/H
   88   89   89   89   88   88   89   91   94   97  101  104  107  108  109  109
  108  106  106  105  105  105  103   98   92   84   75   67   60   53   48   43
   37   32   27   24   22   21   22   23   23   23   22   21   19   18   17   17
   18   19   20   22   23   23   23   24   25   28   32   39   46   53   58   61
   62   62   63   65   69   74   80   85   88
    57.5-180.0 180.0   5.0 450.0                            LAT/LON1/LON2/DLON/H
   90   93   94   94   93   93   94   95   96   98  100  102  105  108  110  111
  112  112  113  113  113  113  111  107  101   92   84   76   70   64   60   54
   47   40   33   28   25   24   25   26   26   26   26   25   24   23   22   22
   22   23   24   25   26   26   26   25   26   28   33   40   49   56   61   64
   64   63   62   63   67   73   80   86   90
    55.0-180.0 180.0   5.0 450.0                            LAT/LON1/LON2/DLON/H
   93   97   99  100  100  101  101  101  100  100  100  101  104  107  111  115
  117  118  119  120  121  121  120  117  111  103   95   89   84   81   77   71
   64   55   46   38   34   32   33   34   34   35   34   33   32   31   31   30
   30   30   31   32   33   32   31   29   29   31   35   43   52   60   66   68
   67   65   64   64   68   74   81   88   93
    52.5-180.0 180.0   5.0 450.0                            LAT/LON1/LON2/DLON/H
   98  102  104  107  108  110  110  109  107  104  102  102  104  108  113  118
  121  123  124  124  125  126  127  125  120  115  109  104  102  100   97   91
   83   72   61   52   47   45   45   46   46   46   45   44   44   43   42   41
   40   40   40   41   41   41   39   36   34   35   39   46   56   64   71   73
   72   70   68   69   73   79   86   92   98
    50.0-180.0 180.0   5.0 450.0                            LAT/LON1/LON2/DLON/H
  104  108  111  115  118  120  121  120  117  112  108  106  107  110  116  121
  124  125  125  126  127  129  131  131  129  126  122  119  118  117  115  109
   99   87   75   65   60   58   59   60   60   59   58   57   56   55   55   53
   52   52   52   52   52   51   49   46   43   42   45   51   61   70   76   79
   79   77   76   78   81   87   93   99  104
    47.5-180.0 180.0   5.0 450.0                            LAT/LON1/LON2/DLON/H
  112  116  120  124  129  133  134  133  129  123  117  113  113  115  119  124
  127  127  126  125  127  130  134  137  137  136  133  131  131  130  127  120
  110   97   85   77   72   71   72   73   72   71   70   69   69   68   68   67
   65   64   64   64   65   64   62   58   54   52   53   59   67   76   83   86
   87   87   87   90   94   99  104  108  112
    45.0-180.0 180.0   5.0 450.0                            LAT/LON1/LON2/DLON/H
  121  124  129  135  140  145  147  147  143  137  131  125  122  123  126  129
  130  129  127  126  128  132  138  143  145  144  142  140  138  136  131  124
  113  101   91   84   81   81   83   84   83   82   81   80   80   80   80   79
   78   77   77   77   78   78   76   72   67   64   63   67   74   82   89   94
   96   98  100  104  108  112  115  118  121
    42.5-180.0 180.0   5.0 450.0                            LAT/LON1/LON2/DLON/H
  129  133  138  144  151  156  160  161  159  154  147  140  136  134  134  135
  135  134  131  130  132  137  144  150  153  152  148  144  140  135  128  120
  110  101   93   89   88   89   91   92   91   90   90   90   90   91   91   91
   90   90   89   89   90   90   89   86   81   76   75   77   83   90   96  101
  105  109  113  118  122  125  126  127  129
    40.0-180.0 180.0   5.0 450.0                            LAT/LON1/LON2/DLON/H
  137  141  147  154  160  166  171  174  173  170  165  158  152  147  145  144
  143  142  140  139  142  147  154  160  161  159  153  147  139  131  123  114
  106  100   96   94   95   97   98   98   98   97   97   98   99  100  101  101
  100  100   99   99  100  101  100   98   93   88   86   87   91   97  104  109
  114  120  125  131  135  136  136  136  137
    37.5-180.0 180.0   5.0 450.0                            LAT/LON1/LON2/DLON/H
  145  149  155  163  169  175  180  185  187  186  182  176  169  162  157  155
  154  153  152  153  156  162  168  171  171  166  159  150  140  129  120  112
  106  104  103  104  104  105  104  104  103  103  104  105  106  107  108  108
  107  106  105  105  106  107  108  106  102   97   94   95   99  105  111  117
  123  131  138  144  147  146  145  143  145
    35.0-180.0 180.0   5.0 450.0                            LAT/LON1/LON2/DLON/H
  154  159  166  173  179  184  189  195  200  202  200  195  187  178  171  167
  165  166  167  169  173  178  182  184  181  175  166  156  146  135  125  118
  116  116  118  119  117  115  111  109  108  108  110  112  113  112  112  111
  110  109  107  106  107  109  110  110  106  102   99  100  105  111  118  126
  133  142  150  156  158  157  154  152  154
    32.5-180.0 180.0   5.0 450.0                            LAT/LON1/LON2/DLON/H
  168  173  180  186  191  195  200  207  214  218  219  214  206  195  186  179
  177  179  182  185  189  193  195  195  191  184  176  168  159  150  142  137
  137  140  141  139  134  126  119  114  112  113  116  117  117  115  113  112
  110  107  104  102  103  106  109  108  106  102  100  102  108  116  125  135
  145  155  165  171  172  170  167  165  168
    30.0-180.0 180.0   5.0 450.0                            LAT/LON1/LON2/DLON/H
  188  193  200  204  208  211  216  224  232  238  240  236  227  215  203  194
  191  192  195  199  201  204  205  203  199  193  189  185  181  175  169  167
  168  170  169  162  150  137  125  118  116  117  120  121  120  116  112  109
  106  101   97   95   97  100  104  104  102   99   98  102  110  121  132  145
  158  170  181  188  190  188  186  185  188
    27.5-180.0 180.0   5.0 450.0                            LAT/LON1/LON2/DLON/H
  215  220  225  229  231  234  239  246  255  262  265  263  254  241  226  214
  207  206  208  209  209  210  210  208  206  203  203  206  207  206  204  203
  203  203  197  183  164  144  129  120  118  120  123  123  120  115  109  104
  100   94   89   87   89   93   97   99   96   94   94   99  110  124  140  155
  172  187  200  209  213  213  212  212  215
    25.0-180.0 180.0   5.0 450.0                            LAT/LON1/LON2/DLON/H
  249  253  257  259  260  263  268  276  285  293  297  296  288  274  256  240
  230  225  222  218  214  212  212  212  212  213  218  227  235  238  238  237
  235  230  217  195  170  146  129  120  118  121  124  123  119  112  105  100
   94   87   82   79   82   87   92   93   91   89   90   98  111  128  147  166
  186  205  221  233  239  242  244  246  249
    22.5-180.0 180.0   5.0 450.0                            LAT/LON1/LON2/DLON/H
  286  289  291  292  294  297  303  311  321  329  335  336  330  316  296  277
  261  251  241  231  222  216  215  216  219  223  232  245  258  265  265  262
  255  244  223  196  166  141  125  117  116  120  123  122  117  110  102   96
   90   82   76   74   77   83   89   90   88   86   88   97  112  131  153  176
  200  222  241  256  267  274  279  283  286
    20.0-180.0 180.0   5.0 450.0                            LAT/LON1/LON2/DLON/H
  322  323  325  327  329  333  340  348  358  368  376  380  377  365  346  323
  304  288  271  253  236  225  222  224  228  234  244  258  272  280  280  273
  261  242  216  184  154  131  118  113  115  119  122  121  116  109  101   95
   88   80   74   72   75   82   87   89   88   86   89   98  114  135  159  185
  211  236  259  277  292  303  312  318  322
    17.5-180.0 180.0   5.0 450.0                            LAT/LON1/LON2/DLON/H
  352  353  355  358  362  368  374  383  393  404  416  424  426  418  400  378
  356  336  313  287  261  243  237  239  242  246  254  266  278  284  280  269
  251  227  196  164  137  119  112  111  115  119  122  121  116  109  102   96
   89   80   74   72   75   81   87   89   88   87   90  100  116  138  164  191
  219  247  271  293  311  327  339  348  352
    15.0-180.0 180.0   5.0 450.0                            LAT/LON1/LON2/DLON/H
  373  375  379  385  391  397  403  411  421  434  449  463  471  467  453  434
  414  393  366  332  298  273  262  261  261  260  262  268  275  278  271  255
  233  204  172  142  121  112  111  114  119  123  125  124  119  112  105   99
   91   82   75   73   76   81   86   88   88   88   92  102  118  141  167  196
  225  253  279  301  322  341  357  368  373
    12.5-180.0 180.0   5.0 450.0                            LAT/LON1/LON2/DLON/H
  385  389  396  405  414  420  424  430  440  454  472  490  503  505  497  484
  469  451  424  385  343  310  293  287  283  275  269  268  270  268  258  239
  213  182  152  127  114  112  117  123  127  130  131  129  124  116  109  101
   93   84   77   74   75   79   82   85   86   88   92  102  118  141  168  197
  227  255  280  303  325  346  365  378  385
    10.0-180.0 180.0   5.0 450.0                            LAT/LON1/LON2/DLON/H
  388  396  407  421  432  437  438  440  448  463  482  503  519  527  525  519
  512  501  477  437  389  350  327  315  305  291  277  269  266  261  248  227
  200  170  143  124  118  123  132  138  140  140  139  135  128  120  111  102
   92   83   76   73   73   75   77   79   82   84   89   99  116  140  167  197
  226  254  278  300  321  343  363  378  388
     7.5-180.0 180.0   5.0 450.0                            LAT/LON1/LON2/DLON/H
  385  398  414  433  446  449  446  444  450  463  481  501  518  528  533  535
  538  535  517  478  429  384  356  340  326  307  287  274  268  261  248  227
  200  172  148  135  134  143  152  155  154  150  146  140  131  120  109   99
   89   80   73   69   68   68   70   72   75   78   83   93  111  135  165  195
  224  251  273  293  313  335  355  372  385
     5.0-180.0 180.0   5.0 450.0                            LAT/LON1/LON2/DLON/H
  379  397  419  442  457  459  452  447  449  459  473  488  502  513  522  530
  540  546  535  501  453  407  377  358  341  320  298  284  277  271  259  239
  213  187  166  157  159  167  172  171  164  157  150  142  131  117  104   93
   82   73   67   64   62   62   62   65   68   70   74   84  103  129  160  191
  220  246  268  286  304  324  345  363  379
     2.5-180.0 180.0   5.0 450.0                            LAT/LON1/LON2/DLON/H
  372  394  421  449  466  468  459  451  451  457  465  473  481  488  497  508
  523  534  529  501  458  415  385  367  350  330  310  297  292  288  278  259
  234  209  191  182  183  188  188  180  168  157  148  138  125  110   95   83
   73   65   60   58   57   56   56   59   61   62   65   74   94  122  155  186
  216  241  261  278  294  313  333  353  372
