gnss_preprocessor/dataset/smartLoc/Frankfurt_Main_Tower/codg2520.16i
     1.0            IONOSPHERE MAPS     GNSS                IONEX VERSION / TYPE
ADDNEQ2 V5.3        AIUB                12-SEP-16 20:32     PGM / RUN BY / DATE 
CODE'S GLOBAL IONOSPHERE MAPS FOR DAY 252, 2016             COMMENT             
Global ionosphere maps (GIM) are generated on a daily basis DESCRIPTION         
at CODE using data from about 300 GNSS sites of the IGS and DESCRIPTION         
other institutions. The vertical total electron content     DESCRIPTION         
(VTEC) is modeled in a solar-geomagnetic reference frame    DESCRIPTION         
using a spherical harmonics expansion up to degree and      DESCRIPTION         
order 15. Piece-wise linear functions are used for          DESCRIPTION         
representation in the time domain. The time spacing of      DESCRIPTION         
their vertices is 1 hour, conforming with the epochs of the DESCRIPTION         
VTEC maps.                                                  DESCRIPTION         
To convert line-of-sight TEC into vertical TEC, a modified  DESCRIPTION         
single-layer model mapping function approximating the JPL   DESCRIPTION         
extended slab model mapping function is adopted. The        DESCRIPTION         
mapping function is evaluated at geodetic satellite         DESCRIPTION         
elevation angles. For the computation of the ionospheric    DESCRIPTION         
pierce points, a spherical layer with a radius of 6821 km   DESCRIPTION         
is assumed, implying geocentric, not geodetic IONEX         DESCRIPTION         
latitudes.                                                  DESCRIPTION         
Instrumental biases with respect to each involved GNSS code DESCRIPTION         
observable are estimated as constant values for each        DESCRIPTION         
day. They are modeled with one set of bias parameters for   DESCRIPTION         
each satellite and each station in case of GPS and for each DESCRIPTION         
satellite-station link in case of GLONASS. The code bias    DESCRIPTION         
datum is defined by zero-mean conditions imposed on the     DESCRIPTION         
satellite bias estimates. In this file, just GPS C1W-C2W    DESCRIPTION         
satellite and station bias values are included. The         DESCRIPTION         
complete set of GNSS code bias results is provided in an    DESCRIPTION         
additional Bias-SINEX file as pseudo-absolute values        DESCRIPTION         
specific to each observable.                                DESCRIPTION         
Note: These GIM results correspond to the results for the   DESCRIPTION         
middle day of a 3-day combination analysis solving for 73   DESCRIPTION         
times 256, or 18688 VTEC parameters and 3 daily sets of     DESCRIPTION         
GNSS code bias parameters.                                  DESCRIPTION         
Contact address: code(at)aiub.unibe.ch                      DESCRIPTION         
Data archive:    ftp.unibe.ch/aiub/CODE/                    DESCRIPTION         
                 www.aiub.unibe.ch/download/CODE/           DESCRIPTION         
  2016     9     8     0     0     0                        EPOCH OF FIRST MAP  
  2016     9     9     0     0     0                        EPOCH OF LAST MAP   
  3600                                                      INTERVAL            
[...]
dav1 dgar dgav dhlg drao dubo ebre faa1 fair faiv fale flin COMMENT             
flrs frdn func ganp glps glsv gmsd gode godz gold gope gras COMMENT             
graz guam guat guug harb hers hert hlfx hnpt hob2 hofn holb COMMENT             
hrao hyde iddr ieng iisc ineg invk iqal iqui irkj isba ispa COMMENT             
jog2 joz2 joze karr kat1 kely kerg khar kir0 kiru kit3 kokb COMMENT             
kokv kouc kour lama lhaz lmmf lpal lpgs m0se mac1 madr mag0 COMMENT             
mal2 mana mas1 mat1 mate maui maw1 mbar mcil mcm4 mdvj medi COMMENT             
mets mgue mizu mkea mnls mobj mobk mobs monp morp mqzg mtka COMMENT             
nano nico nist nium nklg nlib not1 novm nrc1 nril nrmd nya1 COMMENT             
ohi2 ohi3 onsa pado palv park pbri pdel penc pert pfa2 pie1 COMMENT             
pimo pol2 polv pots pove prds ptbb qaq1 quin rabt ramo rbay COMMENT             
rcmn recf reso reun reyk rio2 riop roth salu sant savo sch2 COMMENT             
scor scrz shao sofi spt0 ssia sthl stjo stk2 str2 suth sutm COMMENT             
sutv suwn sydn syog tabl tabv tash thti thu2 thu3 tid1 tidb COMMENT             
tixg tixi tlse tn22 tow2 tro1 tsea tskb twtf txes uclu ufpr COMMENT             
unb3 unbj unsa untr urum urus usn7 usud vald vill vtsp wab1 COMMENT             
wab2 wgtn whit will wind wsrt wtza wtzr wtzs wtzz wuhn xmis COMMENT             
yakt yar2 yar3 yarr ycba yell ykro yssk zamb zeck zim2 zimj COMMENT             
zimm                                                        COMMENT             
                                                            END OF HEADER       
     1                                                      START OF TEC MAP    
  2016     9     8     0     0     0                        EPOCH OF CURRENT MAP
    87.5-180.0 180.0   5.0 450.0                            LAT/LON1/LON2/DLON/H
   93   93   93   94   94   94   94   95   95   95   95   95   94   94   94   94
   93   92   92   91   90   89   89   88   87   86   85   84   83   82   81   81
   80   80   79   79   78   78   78   78   78   78   79   79   79   79   80   80
   81   81   82   82   83   83   84   85   85   86   86   87   87   88   88   89
   89   90   90   91   91   91   92   92   93
    85.0-180.0 180.0   5.0 450.0                            LAT/LON1/LON2/DLON/H
   94   94   95   96   97   98   98   99  100  101  101  101  101  101  101  101
  100   99   97   96   94   92   90   88   86   84   81   79   77   75   74   72
   71   70   69   69   68   68   68   69   69   70   70   71   72   73   73   74
   75   76   77   78   79   80   81   82   83   84   85   86   86   87   88   88
   89   89   90   91   91   92   92   93   94
    82.5-180.0 180.0   5.0 450.0                            LAT/LON1/LON2/DLON/H
   91   92   93   94   96   97   99  101  102  104  105  106  107  108  108  107
  106  105  103  101   98   95   92   88   85   81   77   74   71   68   66   64
   62   61   60   60   59   60   60   61   62   63   64   65   66   67   69   70
   71   72   73   74   75   77   78   79   80   81   82   83   84   85   85   86
   86   87   87   88   88   89   89   90   91
    80.0-180.0 180.0   5.0 450.0                            LAT/LON1/LON2/DLON/H
   86   87   88   90   92   95   97  100  103  105  107  109  111  112  112  112
  111  109  107  104  101   97   92   88   83   78   73   69   65   61   59   56
   55   54   53   53   54   54   55   57   58   59   60   61   63   64   65   66
   67   68   68   69   71   72   73   74   75   77   78   79   80   81   82   82
   83   83   83   84   84   84   84   85   86
    77.5-180.0 180.0   5.0 450.0                            LAT/LON1/LON2/DLON/H
   81   82   84   86   88   91   95   98  102  105  108  110  112  113  114  113
  112  110  108  104  100   96   91   85   79   74   69   64   60   56   53   52
   50   50   50   51   52   53   54   55   57   58   59   60   60   61   61   61
   62   62   63   63   64   65   66   68   69   71   72   74   75   77   78   78
   79   79   80   80   80   80   80   80   81
    75.0-180.0 180.0   5.0 450.0                            LAT/LON1/LON2/DLON/H
   78   79   80   83   85   89   93   97  101  104  107  110  111  112  112  111
  110  107  105  101   97   92   86   80   75   69   64   59   55   53   51   50
   49   49   50   51   52   53   55   56   57   57   58   58   57   57   57   56
   56   56   56   56   56   57   59   60   62   64   67   69   71   73   74   75
   76   77   77   77   77   77   77   78   78
    72.5-180.0 180.0   5.0 450.0                            LAT/LON1/LON2/DLON/H
   78   79   80   82   85   88   93   97  101  105  107  109  109  109  108  106
  104  101   98   94   90   85   79   74   68   63   59   55   52   51   50   50
   50   51   52   53   53   54   55   55   56   55   55   54   53   52   51   50
   49   48   48   48   49   50   52   54   56   59   62   65   67   70   72   73
   75   76   77   77   78   78   78   78   78
    70.0-180.0 180.0   5.0 450.0                            LAT/LON1/LON2/DLON/H
   81   81   82   83   86   89   94   98  102  106  108  109  108  106  103  100
   97   94   90   86   82   77   72   66   61   57   54   51   50   50   50   51
   51   52   53   53   53   53   53   52   52   51   50   48   47   45   44   42
   41   40   40   41   42   44   46   49   52   56   60   63   66   69   71   73
   75   77   78   79   80   81   81   81   81
    67.5-180.0 180.0   5.0 450.0                            LAT/LON1/LON2/DLON/H
   87   86   86   86   87   90   94   99  104  107  109  109  107  104  100   95
   91   88   84   80   76   71   65   60   55   52   49   48   48   49   50   51
   52   52   51   50   49   48   47   46   45   43   42   40   39   37   36   34
   34   33   34   35   37   39   43   47   51   55   60   64   67   70   73   75
   77   78   80   82   84   85   86   87   87
    65.0-180.0 180.0   5.0 450.0                            LAT/LON1/LON2/DLON/H
   93   91   90   88   88   90   94   98  103  107  110  110  107  104   99   94
   90   86   82   78   73   68   62   56   52   48   47   47   48   49   50   51
   50   49   47   44   42   40   38   37   35   34   33   32   31   29   28   28
   27   28   29   31   34   37   42   47   52   57   62   66   70   73   76   78
   79   81   83   85   88   90   92   93   93
    62.5-180.0 180.0   5.0 450.0                            LAT/LON1/LON2/DLON/H
  100   98   94   91   88   88   91   95  101  106  109  110  109  105  101   97
   93   89   85   81   76   69   63   56   51   48   47   47   48   49   50   49
   47   44   40   36   33   30   28   27   27   26   26   25   25   24   23   23
   23   24   26   28   32   37   43   49   55   61   66   70   74   77   80   81
   83   84   86   88   92   95   98  100  100
    60.0-180.0 180.0   5.0 450.0                            LAT/LON1/LON2/DLON/H
  108  105  100   94   89   87   87   91   96  102  107  109  110  109  106  103
  100   97   94   89   83   76   68   61   55   51   50   50   50   50   49   47
   43   38   33   28   24   22   21   20   21   22   22   22   22   22   21   21
   21   22   24   28   32   38   45   52   58   65   70   75   79   82   84   86
   87   88   89   92   95  100  105  108  108
    57.5-180.0 180.0   5.0 450.0                            LAT/LON1/LON2/DLON/H
  118  115  110  102   94   88   86   88   92   98  104  108  111  112  112  111
  109  107  105  100   94   86   77   69   62   58   56   55   54   53   50   45
   39   33   28   23   20   18   18   19   21   22   23   24   24   23   23   22
   22   23   25   28   34   40   48   55   62   69   74   78   83   86   89   91
   92   92   93   95   99  105  111  116  118
    55.0-180.0 180.0   5.0 450.0                            LAT/LON1/LON2/DLON/H
  130  129  123  114  104   96   90   89   91   96  102  107  112  116  118  119
  118  117  115  111  105   97   88   79   72   67   64   62   59   56   51   45
   38   32   27   23   21   20   21   24   26   28   30   30   30   29   28   27
   26   26   27   30   36   44   52   60   67   72   77   82   86   90   94   97
   98   99   99  101  105  111  119  126  130
    52.5-180.0 180.0   5.0 450.0                            LAT/LON1/LON2/DLON/H
  144  146  142  134  123  112  104   99   97   99  103  108  114  119  123  124
  124  124  122  120  115  108   99   89   82   76   72   69   65   60   53   46
   40   35   31   28   28   29   31   34   37   39   40   40   39   37   36   34
   32   31   31   34   40   48   57   65   72   77   81   85   89   94  100  104
  106  107  107  108  112  119  128  138  144
    50.0-180.0 180.0   5.0 450.0                            LAT/LON1/LON2/DLON/H
  160  165  164  158  148  136  126  117  112  109  110  113  118  123  127  128
  128  127  126  125  122  116  108   99   91   85   80   76   70   64   57   50
   44   41   39   39   40   42   45   48   50   52   51   51   49   48   46   43
   40   38   37   40   46   55   64   73   79   83   85   89   93   99  105  111
  115  116  116  117  121  129  139  150  160
    47.5-180.0 180.0   5.0 450.0                            LAT/LON1/LON2/DLON/H
  174  182  185  183  176  166  155  144  134  127  123  123  125  129  131  130
  128  127  127  127  126  123  116  107   99   92   86   81   75   67   60   55
   51   50   50   52   54   57   60   63   64   64   63   61   60   58   57   54
   51   47   45   48   54   64   74   82   88   90   92   94   98  105  112  119
  124  127  128  129  132  139  150  162  174
    45.0-180.0 180.0   5.0 450.0                            LAT/LON1/LON2/DLON/H
  185  196  202  204  201  195  185  173  161  149  141  137  136  136  136  134
  130  127  127  130  131  129  123  114  104   96   90   83   77   70   64   60
   58   59   61   64   68   71   74   75   76   74   72   70   69   69   68   66
   62   57   55   56   63   73   84   93   98  100  100  102  106  112  120  128
  134  137  139  141  144  151  161  173  185
    42.5-180.0 180.0   5.0 450.0                            LAT/LON1/LON2/DLON/H
  192  203  212  218  220  217  210  200  187  173  162  153  149  147  145  140
  134  131  131  135  138  137  130  120  108   98   91   84   78   72   67   65
   64   66   69   73   77   81   84   85   84   82   80   78   78   79   79   78
   73   67   64   65   72   83   94  103  108  110  110  112  115  121  129  137
  143  147  150  153  156  162  170  181  192
    40.0-180.0 180.0   5.0 450.0                            LAT/LON1/LON2/DLON/H
  195  205  214  223  228  229  226  218  208  194  181  171  164  160  156  150
  144  140  141  146  149  148  139  125  111   99   90   83   78   73   70   69
   69   71   74   78   82   87   90   91   90   89   86   85   85   87   89   87
   82   76   71   72   79   90  102  112  117  119  120  122  126  132  138  145
  151  157  161  165  169  174  180  187  195
    37.5-180.0 180.0   5.0 450.0                            LAT/LON1/LON2/DLON/H
  199  205  213  221  227  230  230  227  220  209  197  186  179  174  170  165
  159  155  156  161  164  160  147  130  113   99   89   83   78   75   73   72
   72   72   74   78   83   88   93   95   95   94   92   91   91   94   96   95
   89   81   75   75   82   94  107  117  123  127  129  133  137  142  148  154
  160  166  172  178  183  188  192  195  199
    35.0-180.0 180.0   5.0 450.0                            LAT/LON1/LON2/DLON/H
  207  209  213  219  223  225  226  226  223  218  209  199  192  189  186  182
  177  174  175  178  178  171  155  134  114   99   89   83   80   77   76   75
   73   71   71   75   81   89   95   98  100   99   98   96   97   98  100   98
   91   81   74   74   82   94  107  118  125  131  136  142  148  153  159  164
  169  176  184  192  200  205  207  207  207
    32.5-180.0 180.0   5.0 450.0                            LAT/LON1/LON2/DLON/H
  225  223  224  225  224  222  221  223  224  223  218  211  206  203  202  199
  196  192  192  193  190  178  159  137  116  101   91   86   83   81   80   78
   74   69   68   72   80   90   98  103  105  105  103  101   99  100  100   96
   88   77   69   69   77   89  103  115  124  133  141  149  157  164  170  175
  181  189  199  210  220  227  229  228  225
    30.0-180.0 180.0   5.0 450.0                            LAT/LON1/LON2/DLON/H
  255  253  251  247  240  232  226  226  229  232  230  226  221  219  218  216
  212  207  204  201  194  179  159  137  118  104   95   90   87   86   85   82
   76   70   68   73   83   94  103  108  111  110  108  103   99   97   96   91
   81   69   61   61   69   83   97  111  122  133  144  154  164  173  181  188
  196  206  218  232  245  255  259  258  255
    27.5-180.0 180.0   5.0 450.0                            LAT/LON1/LON2/DLON/H
  299  298  295  288  276  260  248  244  246  250  251  247  243  239  236  232
  225  216  208  200  189  173  153  134  119  108  101   96   92   91   90   86
   80   73   72   78   90  102  110  115  116  114  109  102   96   91   88   82
   72   60   52   52   61   75   91  107  121  134  146  159  171  182  193  204
  215  228  242  259  274  287  295  298  299
    25.0-180.0 180.0   5.0 450.0                            LAT/LON1/LON2/DLON/H
  350  353  353  346  331  310  292  282  281  284  285  280  273  266  259  249
  235  220  205  191  177  161  144  130  120  113  107  101   97   96   95   92
   86   81   82   90  103  114  120  121  119  115  108   98   88   82   77   71
   62   50   43   44   54   69   87  105  122  137  150  163  176  190  205  221
  237  253  270  288  306  322  335  344  350
    22.5-180.0 180.0   5.0 450.0                            LAT/LON1/LON2/DLON/H
  402  411  416  413  399  376  354  340  335  335  333  326  315  303  288  269
  246  222  199  179  162  147  135  127  123  119  114  107  102  100  101  100
   96   94   97  108  120  128  129  125  119  112  102   89   78   70   66   61
   53   43   37   39   49   66   86  106  126  142  156  168  182  199  218  239
  260  280  299  318  337  356  374  389  402
    20.0-180.0 180.0   5.0 450.0                            LAT/LON1/LON2/DLON/H
  445  461  472  475  467  449  428  412  403  398  391  381  367  349  326  297
  262  227  196  171  152  138  131  128  127  125  120  112  107  105  107  109
  109  111  117  128  139  142  137  126  116  105   93   79   66   59   57   54
   47   39   34   36   47   64   86  110  132  150  164  175  189  207  230  256
  282  306  327  346  365  386  407  427  445
    17.5-180.0 180.0   5.0 450.0                            LAT/LON1/LON2/DLON/H
  474  492  508  519  521  513  499  485  474  464  454  441  424  402  372  332
  287  242  203  173  152  139  134  134  135  133  126  118  112  112  116  121
  125  130  139  150  157  154  141  125  110   97   83   68   56   50   50   49
   44   37   33   36   46   64   87  114  140  159  172  182  196  216  242  271
  301  328  351  369  387  407  430  453  474
    15.0-180.0 180.0   5.0 450.0                            LAT/LON1/LON2/DLON/H
  483  501  518  536  550  557  555  547  536  524  510  496  479  455  421  374
  320  268  223  189  166  153  147  146  146  141  134  125  120  122  128  136
  143  150  159  168  170  161  142  121  103   89   75   60   49   45   46   47
   44   37   34   36   45   62   87  117  145  166  179  189  203  224  252  283
  315  344  368  385  401  420  442  464  483
    12.5-180.0 180.0   5.0 450.0                            LAT/LON1/LON2/DLON/H
  477  488  503  524  549  572  586  588  580  566  550  536  522  501  466  417
  360  303  256  219  194  178  169  164  159  151  142  135  132  136  143  152
  160  168  176  181  178  163  139  116   97   83   69   55   45   43   46   47
   44   38   34   36   44   60   85  116  147  169  183  194  209  231  260  291
  324  353  377  394  408  425  444  463  477
    10.0-180.0 180.0   5.0 450.0                            LAT/LON1/LON2/DLON/H
  460  462  469  490  523  560  589  603  599  584  568  555  546  531  501  455
  399  344  296  259  230  209  195  183  173  162  153  148  148  153  161  168
  175  181  187  187  178  158  133  109   92   80   67   54   46   44   47   48
   44   37   33   34   41   55   80  112  144  168  183  195  213  237  265  296
  326  355  379  396  409  424  441  454  460
     7.5-180.0 180.0   5.0 450.0                            LAT/LON1/LON2/DLON/H
  443  434  431  446  481  528  569  593  594  579  562  551  547  540  519  480
  431  381  336  299  267  241  219  201  186  174  166  165  168  173  179  183
  186  189  189  184  170  148  123  102   88   79   68   57   48   46   47   47
   42   35   32   32   37   50   73  106  138  162  178  193  214  240  268  296
  324  352  375  393  407  421  436  445  443
     5.0-180.0 180.0   5.0 450.0                            LAT/LON1/LON2/DLON/H
  435  417  403  409  440  489  537  567  571  557  539  529  528  529  517  489
  450  407  367  330  296  265  238  215  196  184  180  183  188  192  194  193
  191  188  183  173  156  133  110   94   85   79   70   60   52   48   47   44
   38   32   29   30   34   45   67   98  129  153  170  188  213  241  268  293
  318  344  368  387  402  419  434  442  435
     2.5-180.0 180.0   5.0 450.0                            LAT/LON1/LON2/DLON/H
  440  418  396  391  414  457  504  536  542  528  507  496  496  501  497  480
  452  418  383  347  311  277  246  222  204  194  194  199  205  207  203  196
  188  180  170  155  136  114   96   85   81   78   72   63   54   49   45   40
   33   29   28   29   33   43   63   92  121  142  160  180  208  238  264  287
  309  334  359  379  398  417  437  447  440
