gnss_preprocessor/dataset/smartLoc/Frankfurt_Main_Tower/codg2520.16i
     1.0            IONOSPHERE MAPS     GNSS                IONEX VERSION / TYPE
ADDNEQ2 V5.3        AIUB                12-SEP-16 20:32     PGM / RUN BY / DATE 
CODE'S GLOBAL IONOSPHERE MAPS FOR DAY 252, 2016             COMMENT             
Global ionosphere maps (GIM) are generated on a daily basis DESCRIPTION         
at CODE using data from about 300 GNSS sites of the IGS and DESCRIPTION         
other institutions. The vertical total electron content     DESCRIPTION         
(VTEC) is modeled in a solar-geomagnetic reference frame    DESCRIPTION         
using a spherical harmonics expansion up to degree and      DESCRIPTION         
order 15. Piece-wise linear functions are used for          DESCRIPTION         
representation in the time domain. The time spacing of      DESCRIPTION         
their vertices is 1 hour, conforming with the epochs of the DESCRIPTION         
VTEC maps.                                                  DESCRIPTION         
To convert line-of-sight TEC into vertical TEC, a modified  DESCRIPTION         
single-layer model mapping function approximating the JPL   DESCRIPTION         
extended slab model mapping function is adopted. The        DESCRIPTION         
mapping function is evaluated at geodetic satellite         DESCRIPTION         
elevation angles. For the computation of the ionospheric    DESCRIPTION         
pierce points, a spherical layer with a radius of 6821 km   DESCRIPTION         
is assumed, implying geocentric, not geodetic IONEX         DESCRIPTION         
latitudes.                                                  DESCRIPTION         
Instrumental biases with respect to each involved GNSS code DESCRIPTION         
observable are estimated as constant values for each        DESCRIPTION         
day. They are modeled with one set of bias parameters for   DESCRIPTION         
each satellite and each station in case of GPS and for each DESCRIPTION         
satellite-station link in case of GLONASS. The code bias    DESCRIPTION         
datum is defined by zero-mean conditions imposed on the     DESCRIPTION         
satellite bias estimates. In this file, just GPS C1W-C2W    DESCRIPTION         
satellite and station bias values are included. The         DESCRIPTION         
complete set of GNSS code bias results is provided in an    DESCRIPTION         
additional Bias-SINEX file as pseudo-absolute values        DESCRIPTION         
specific to each observable.                                DESCRIPTION         
Note: These GIM results correspond to the results for the   DESCRIPTION         
middle day of a 3-day combination analysis solving for 73   DESCRIPTION         
times 256, or 18688 VTEC parameters and 3 daily sets of     DESCRIPTION         
GNSS code bias parameters.                                  DESCRIPTION         
Contact address: code(at)aiub.unibe.ch                      DESCRIPTION         
Data archive:    ftp.unibe.ch/aiub/CODE/                    DESCRIPTION         
                 www.aiub.unibe.ch/download/CODE/           DESCRIPTION         
  2016     9     8     0     0     0                        EPOCH OF FIRST MAP  
  2016     9     9     0     0     0                        EPOCH OF LAST MAP   
  3600                                                      INTERVAL            
[...]
dav1 dgar dgav dhlg drao dubo ebre faa1 fair faiv fale flin COMMENT             
flrs frdn func ganp glps glsv gmsd gode godz gold gope gras COMMENT             
graz guam guat guug harb hers hert hlfx hnpt hob2 hofn holb COMMENT             
hrao hyde iddr ieng iisc ineg invk iqal iqui irkj isba ispa COMMENT             
jog2 joz2 joze karr kat1 kely kerg khar kir0 kiru kit3 kokb COMMENT             
kokv kouc kour lama lhaz lmmf lpal lpgs m0se mac1 madr mag0 COMMENT             
mal2 mana mas1 mat1 mate maui maw1 mbar mcil mcm4 mdvj medi COMMENT             
mets mgue mizu mkea mnls mobj mobk mobs monp morp mqzg mtka COMMENT             
nano nico nist nium nklg nlib not1 novm nrc1 nril nrmd nya1 COMMENT             
ohi2 ohi3 onsa pado palv park pbri pdel penc pert pfa2 pie1 COMMENT             
pimo pol2 polv pots pove prds ptbb qaq1 quin rabt ramo rbay COMMENT             
rcmn recf reso reun reyk rio2 riop roth salu sant savo sch2 COMMENT             
scor scrz shao sofi spt0 ssia sthl stjo stk2 str2 suth sutm COMMENT             
sutv suwn sydn syog tabl tabv tash thti thu2 thu3 tid1 tidb COMMENT             
tixg tixi tlse tn22 tow2 tro1 tsea tskb twtf txes uclu ufpr COMMENT             
unb3 unbj unsa untr urum urus usn7 usud vald vill vtsp wab1 COMMENT             
wab2 wgtn whit will wind wsrt wtza wtzr wtzs wtzz wuhn xmis COMMENT             
yakt yar2 yar3 yarr ycba yell ykro yssk zamb zeck zim2 zimj COMMENT             
zimm                                                        COMMENT             
                                                            END OF HEADER       
[from data line 8580]
    21                                                      START OF TEC MAP    
  2016     9     8    20     0     0                        EPOCH OF CURRENT MAP
    87.5-180.0 180.0   5.0 450.0                            LAT/LON1/LON2/DLON/H
   78   79   79   79   80   80   80   81   81   81   81   81   81   81   81   80
   80   80   79   79   78   77   77   76   75   74   74   73   72   71   71   70
   69   69   68   68   67   67   67   67   67   67   67   67   67   67   67   67
   68   68   68   69   69   70   70   70   71   71   72   72   73   73   74   74
   75   75   75   76   76   77   77   78   78
    85.0-180.0 180.0   5.0 450.0                            LAT/LON1/LON2/DLON/H
   80   80   81   82   83   84   85   86   87   87   88   89   89   89   89   89
   88   88   87   86   84   83   81   79   78   76   74   72   71   69   67   66
   65   64   63   62   62   61   61   61   61   61   61   61   62   62   63   63
   64   65   65   66   67   67   68   69   70   70   71   72   72   73   73   74
   75   75   76   76   77   77   78   79   80
    82.5-180.0 180.0   5.0 450.0                            LAT/LON1/LON2/DLON/H
   78   79   80   81   83   85   86   88   90   92   93   95   96   97   97   97
   97   96   95   93   91   89   87   84   81   78   75   72   70   67   65   63
   62   60   59   59   58   58   57   57   57   58   58   58   59   60   60   61
   62   63   63   64   65   66   67   68   69   70   70   71   71   72   72   73
   73   74   74   74   75   75   76   77   78
    80.0-180.0 180.0   5.0 450.0                            LAT/LON1/LON2/DLON/H
   74   75   76   78   80   82   84   87   90   93   96   98  100  102  104  104
  104  104  102  101   98   95   92   89   85   81   77   74   70   67   65   62
   61   59   58   58   57   57   57   57   57   57   57   58   58   58   59   59
   60   61   62   63   64   65   66   67   68   68   69   69   70   70   70   71
   71   71   71   71   72   72   72   73   74
    77.5-180.0 180.0   5.0 450.0                            LAT/LON1/LON2/DLON/H
   69   70   71   73   75   77   80   84   88   92   95   99  102  105  107  109
  109  109  108  106  104  101   97   93   89   84   80   75   72   68   65   63
   61   60   59   59   58   58   58   58   58   58   58   57   57   57   57   58
   58   59   60   61   62   63   64   65   65   66   66   67   67   67   67   68
   68   68   68   68   68   68   68   69   69
    75.0-180.0 180.0   5.0 450.0                            LAT/LON1/LON2/DLON/H
   66   66   67   68   70   73   76   80   84   89   93   98  102  105  108  110
  111  111  111  109  107  104  101   96   92   87   82   78   73   69   66   64
   62   61   61   60   60   60   60   60   59   58   57   56   55   55   55   55
   55   56   57   58   59   60   61   61   62   62   62   63   63   63   63   64
   64   65   65   65   66   66   66   66   66
    72.5-180.0 180.0   5.0 450.0                            LAT/LON1/LON2/DLON/H
   64   64   65   65   67   69   73   77   81   86   91   96  100  104  107  109
  110  111  110  110  108  106  103   99   95   90   85   80   75   71   67   65
   63   62   61   61   61   60   60   59   58   56   55   53   52   50   50   50
   50   51   52   54   55   56   56   57   57   57   57   57   57   58   59   59
   60   61   62   63   64   65   65   65   64
    70.0-180.0 180.0   5.0 450.0                            LAT/LON1/LON2/DLON/H
   65   65   65   65   67   69   72   75   80   84   89   94   98  102  104  107
  108  109  109  108  107  106  104  101   97   92   87   81   76   72   68   65
   63   61   60   59   59   58   57   55   54   52   49   47   45   44   43   43
   44   45   47   48   50   51   51   52   52   51   51   51   51   52   53   54
   56   58   60   62   64   65   65   66   65
    67.5-180.0 180.0   5.0 450.0                            LAT/LON1/LON2/DLON/H
   68   67   67   67   68   70   73   77   81   85   90   94   97  101  103  105
  106  107  107  107  107  106  105  103   99   94   89   83   77   72   68   64
   62   60   58   56   54   53   51   49   47   45   42   40   38   37   36   37
   38   39   41   43   45   46   46   46   46   45   45   45   45   46   47   49
   51   54   57   60   63   65   67   68   68
    65.0-180.0 180.0   5.0 450.0                            LAT/LON1/LON2/DLON/H
   70   70   70   70   72   74   77   81   84   88   92   95   98  101  104  105
  106  106  106  107  107  107  107  105  102   97   90   84   78   73   69   65
   62   59   56   52   49   46   44   42   39   37   35   34   32   31   31   31
   32   34   36   38   40   41   41   40   40   39   39   39   39   40   41   43
   46   50   54   58   62   65   68   69   70
    62.5-180.0 180.0   5.0 450.0                            LAT/LON1/LON2/DLON/H
   71   72   72   73   75   78   82   86   89   92   95   98  101  104  106  108
  108  108  108  109  110  110  111  109  105  100   93   86   80   76   72   69
   65   61   56   51   46   42   39   36   34   32   31   30   29   28   28   28
   29   30   32   34   35   36   36   36   35   34   34   34   34   35   36   38
   41   45   50   55   60   65   68   70   71
    60.0-180.0 180.0   5.0 450.0                            LAT/LON1/LON2/DLON/H
   72   73   74   76   78   82   87   91   95   97   99  101  104  107  110  113
  113  113  113  113  114  115  116  114  110  104   97   91   85   82   80   77
   74   68   62   55   48   42   38   35   33   32   31   31   30   29   28   28
   28   29   30   31   32   32   32   32   31   31   30   30   31   32   33   34
   37   41   46   52   58   64   68   71   72
    57.5-180.0 180.0   5.0 450.0                            LAT/LON1/LON2/DLON/H
   74   75   76   79   82   87   92   97  100  102  103  104  107  111  115  118
  120  120  119  119  120  121  122  121  117  110  103   97   94   92   92   90
   87   81   73   64   55   48   44   41   39   38   37   37   36   34   33   31
   30   29   29   30   31   31   31   31   30   30   30   30   30   30   31   32
   34   38   43   50   57   63   69   72   74
    55.0-180.0 180.0   5.0 450.0                            LAT/LON1/LON2/DLON/H
   77   79   81   83   87   93   98  103  105  106  106  107  109  114  120  124
  126  126  125  124  125  127  129  128  124  118  111  107  105  106  107  108
  104   97   88   77   68   60   55   52   50   49   48   47   46   44   41   38
   35   33   32   32   32   33   33   33   33   33   32   32   32   32   32   33
   35   38   44   51   59   66   71   75   77
    52.5-180.0 180.0   5.0 450.0                            LAT/LON1/LON2/DLON/H
   84   86   88   91   95  100  105  109  111  111  109  109  112  117  124  129
  132  132  130  129  130  132  135  135  132  126  121  118  118  122  125  125
  122  114  103   92   82   75   71   67   65   63   61   60   58   55   52   47
   43   40   38   37   38   39   39   40   40   39   39   38   37   36   36   36
   38   42   48   55   64   71   77   81   84
    50.0-180.0 180.0   5.0 450.0                            LAT/LON1/LON2/DLON/H
   94   97   99  101  105  109  114  117  118  117  114  112  114  120  128  134
  137  136  134  132  133  136  140  141  139  135  132  131  133  137  141  141
  136  127  116  105   97   91   87   84   81   78   75   73   71   68   64   59
   54   50   47   47   48   49   50   51   50   49   48   47   45   43   42   42
   44   48   55   63   72   80   86   90   94
    47.5-180.0 180.0   5.0 450.0                            LAT/LON1/LON2/DLON/H
  106  109  112  115  117  120  124  126  127  124  121  119  120  125  133  139
  141  140  137  135  136  140  144  146  146  144  143  143  146  150  152  150
  144  134  123  115  109  106  103  100   96   91   88   85   82   80   76   71
   66   62   60   60   61   63   64   65   64   62   60   57   54   52   50   49
   51   57   64   74   82   90   96  101  106
    45.0-180.0 180.0   5.0 450.0                            LAT/LON1/LON2/DLON/H
  117  122  126  129  130  132  134  136  137  135  131  129  129  134  140  145
  147  145  141  138  139  143  148  152  153  154  154  156  158  160  159  154
  145  135  126  120  118  117  116  113  108  102   97   94   93   91   87   83
   79   76   74   75   77   79   81   81   79   76   73   69   65   61   58   57
   60   66   74   84   93  101  106  112  117
    42.5-180.0 180.0   5.0 450.0                            LAT/LON1/LON2/DLON/H
  126  133  138  141  141  142  143  145  147  147  145  143  143  146  151  155
  155  152  148  145  145  148  153  157  160  163  165  167  167  166  161  152
  143  133  126  124  125  127  127  124  117  110  105  102  101  100   98   95
   92   90   89   90   92   95   96   96   93   89   84   79   74   70   66   65
   67   73   83   93  103  109  114  120  126
    40.0-180.0 180.0   5.0 450.0                            LAT/LON1/LON2/DLON/H
  131  139  146  149  149  148  149  153  157  160  161  161  161  164  167  168
  167  163  158  155  154  157  160  164  168  172  176  177  175  170  161  151
  141  134  130  130  133  136  137  132  125  117  112  109  109  109  107  105
  103  102  102  103  105  107  108  107  104   99   93   87   82   77   73   71
   73   80   90  101  109  115  119  124  131
    37.5-180.0 180.0   5.0 450.0                            LAT/LON1/LON2/DLON/H
  132  141  148  152  152  151  153  158  166  173  178  180  182  184  185  185
  183  178  173  169  168  168  169  172  177  182  187  187  183  175  165  156
  149  144  143  144  147  149  147  141  132  124  118  116  116  116  114  112
  110  110  110  111  113  114  115  113  110  105   99   93   87   82   78   76
   77   83   94  106  114  119  122  125  132
    35.0-180.0 180.0   5.0 450.0                            LAT/LON1/LON2/DLON/H
  131  140  147  151  151  151  154  162  173  185  194  200  204  206  206  204
  201  196  191  187  184  182  181  182  187  193  198  198  192  184  176  171
  169  169  169  169  168  165  159  150  139  130  125  124  123  121  118  115
  113  113  113  114  115  115  115  114  111  106  101   95   91   86   82   79
   80   86   97  110  119  123  124  126  131
    32.5-180.0 180.0   5.0 450.0                            LAT/LON1/LON2/DLON/H
  132  139  145  149  150  151  156  166  180  196  209  219  225  228  227  225
  221  216  211  207  202  198  195  194  198  205  210  210  205  199  196  200
  206  210  209  204  195  184  172  158  146  137  132  130  128  124  119  114
  112  110  110  110  110  111  111  110  108  104  100   96   92   89   85   82
   82   89  101  114  124  128  128  128  132
    30.0-180.0 180.0   5.0 450.0                            LAT/LON1/LON2/DLON/H
  137  142  147  150  152  154  161  173  189  207  224  237  245  249  249  246
  242  237  232  227  221  215  209  208  211  218  223  223  220  220  227  241
  256  263  259  244  224  203  183  165  151  142  137  134  130  123  116  110
  106  105  104  103  103  103  103  104  103  101   98   96   94   92   89   86
   86   93  106  122  134  138  137  136  137
    27.5-180.0 180.0   5.0 450.0                            LAT/LON1/LON2/DLON/H
  149  152  155  157  159  163  171  184  201  220  239  254  265  270  271  269
  264  259  253  247  239  231  225  222  225  232  237  238  239  246  264  290
  312  320  309  282  249  218  190  168  153  144  139  135  128  119  110  103
   99   97   96   95   94   95   96   98   99   99   98   97   96   96   93   91
   91   99  114  132  147  153  153  150  149
    25.0-180.0 180.0   5.0 450.0                            LAT/LON1/LON2/DLON/H
  169  170  171  173  175  179  187  201  217  236  255  272  285  293  295  294
  290  283  275  267  258  248  241  238  241  247  251  254  259  274  303  339
  366  371  350  311  265  224  191  166  150  141  136  131  123  113  103   96
   93   92   91   90   89   90   92   95   98   99   99  100  100  100   99   97
   98  107  124  145  162  171  173  170  169
    22.5-180.0 180.0   5.0 450.0                            LAT/LON1/LON2/DLON/H
  194  194  195  196  198  202  211  223  238  256  275  293  307  317  323  323
  319  312  301  290  278  267  258  255  257  262  266  270  279  301  339  380
  407  406  374  322  267  220  184  159  143  134  130  125  116  106   97   92
   91   91   91   89   88   90   93   97  100  102  104  104  105  106  105  104
  106  116  135  158  178  190  194  194  194
    20.0-180.0 180.0   5.0 450.0                            LAT/LON1/LON2/DLON/H
  220  222  223  224  226  231  238  249  263  280  298  316  332  345  354  357
  355  346  333  317  301  288  278  274  275  278  281  286  298  325  366  407
  429  419  376  316  256  208  173  149  135  127  123  118  111  102   95   93
   95   96   96   94   93   94   97  101  105  108  110  111  111  111  110  110
  113  124  144  169  191  206  214  217  220
    17.5-180.0 180.0   5.0 450.0                            LAT/LON1/LON2/DLON/H
  243  249  252  254  256  261  267  277  289  304  322  341  359  375  387  395
  394  386  370  350  330  313  301  295  294  296  298  302  316  343  382  418
  431  410  359  296  237  193  162  142  130  123  120  116  111  104  100  101
  104  107  106  104  102  102  104  107  111  114  116  117  117  116  114  114
  118  130  150  176  199  217  228  236  243
    15.0-180.0 180.0   5.0 450.0                            LAT/LON1/LON2/DLON/H
  261  271  278  282  285  289  294  302  313  328  346  366  385  403  420  432
  436  428  410  387  363  342  326  317  314  314  315  320  333  357  389  414
  415  385  330  269  218  182  159  143  133  127  125  123  118  114  112  114
  119  121  119  116  112  110  110  112  115  118  120  120  119  117  115  114
  118  131  152  177  200  219  234  248  261
    12.5-180.0 180.0   5.0 450.0                            LAT/LON1/LON2/DLON/H
  270  286  297  304  308  312  317  324  334  350  368  387  406  427  447  464
  473  468  451  425  398  372  352  340  334  332  334  339  350  368  390  401
  390  353  300  247  207  182  167  155  147  142  140  139  136  132  130  132
  135  135  131  126  120  115  113  113  115  118  120  120  119  116  113  111
  115  128  148  172  195  216  234  252  270
    10.0-180.0 180.0   5.0 450.0                            LAT/LON1/LON2/DLON/H
  273  293  309  319  326  330  334  341  351  367  385  403  421  442  464  486
  500  500  486  460  431  402  378  361  353  351  354  359  368  379  388  386
  365  325  278  237  211  197  188  179  172  167  166  165  161  155  151  149
  149  145  139  131  123  116  111  109  110  113  115  115  113  110  107  105
  109  121  141  164  187  208  228  250  273
     7.5-180.0 180.0   5.0 450.0                            LAT/LON1/LON2/DLON/H
  271  294  313  327  337  343  348  354  365  380  397  412  428  446  469  494
  513  518  508  486  457  427  400  380  370  369  374  381  387  390  387  374
  346  309  272  245  231  225  220  212  204  200  198  195  189  180  171  163
  157  149  140  130  120  111  105  101  101  102  104  105  104  102   98   97
  101  112  132  155  177  199  221  245  271
     5.0-180.0 180.0   5.0 450.0                            LAT/LON1/LON2/DLON/H
  266  291  312  329  343  352  359  366  376  390  404  416  427  441  462  487
  509  519  515  498  473  444  416  395  386  387  394  401  405  401  389  368
  339  307  282  268  263  261  256  247  238  233  230  225  215  200  185  170
  158  146  134  122  112  103   95   91   89   90   91   92   92   91   89   88
   91  103  123  146  170  192  216  241  266
     2.5-180.0 180.0   5.0 450.0                            LAT/LON1/LON2/DLON/H
  262  285  306  327  345  359  369  377  387  399  410  417  421  430  446  468
  490  504  506  496  477  452  427  407  399  402  411  419  419  410  392  367
  340  317  303  297  297  294  286  275  265  259  255  248  233  212  189  168
  150  134  121  110  100   92   85   80   77   76   77   78   79   80   80   79
   83   95  115  140  165  190  213  238  262
