gnss_preprocessor/dataset/smartLoc/Berlin_Gendarmenmarkt/casg1580.16i
     1.0            IONOSPHERE MAPS     MIX                 IONEX VERSION / TYPE
GIM_AOE V1.0        LZSH                2016-06-10 00:10:43 PGM / RUN BY / DATE
Global ionospheric map produced by aoe                      DESCRIPTION
Contact address: Li Zishen                                  DESCRIPTION
                                Chinese Academy of Sciences DESCRIPTION
                              Navigation Headquarter of CAS DESCRIPTION
                 Dengzhuang south Road,Beijing,China,100094 DESCRIPTION
                                   Email:lizishen@aoe.ac.cn DESCRIPTION
  2016     6     6     0     0  0.00                        EPOCH OF FIRST MAP
  2016     6     7     0     0  0.00                        EPOCH OF LAST MAP
  1800.0                                                    INTERVAL
    49                                                      # OF MAPS IN FILE
  COSZ                                                      MAPPING FUNCTION
     0.0                                                    ELEVATION CUTOFF
TEC is obtained by adjusted uncombined raw observation      OBSERVABLES USED
  6371.4                                                    BASE RADIUS 
     2                                                      MAP DIMENSION
   450.0 450.0   0.0                                        HGT1 / HGT2 / DHGT
    87.5 -87.5  -2.5                                        LAT1 / LAT2 / DLAT
  -180.0 180.0   5.0                                        LON1 / LON2 / DLON
    -1                                                      EXPONENT
TEC values in 0.1 tec units;  9999, if no value available   COMMENT
DCB values in nanoseconds, reference is Sum_of_SatDCBs = 0  COMMENT
                                                            END OF HEADER
[from data line 19734]
    47                                                      START OF TEC MAP
  2016     6     6    23     0     0                        EPOCH OF CURRENT MAP
    87.5-180.0 180.0   5.0 450.0                            LAT/LON1/LON2/DLON/H
  107  108  108  109  109  109  110  110  110  110  110  110  110  110  110  110
  109  109  109  108  108  107  107  106  105  105  104  104  103  102  102  101
  101  100   99   99   98   98   98   97   97   97   97   96   96   96   96   96
   97   97   97   97   97   98   98   99   99   99  100  100  101  101  102  103
  103  104  104  105  105  106  106  107  107
    85.0-180.0 180.0   5.0 450.0                            LAT/LON1/LON2/DLON/H
  110  111  112  112  113  114  114  115  115  116  116  116  116  115  115  115
  114  113  113  112  111  110  109  108  106  105  104  103  102  100   99   98
   97   96   95   94   93   92   92   91   91   90   90   90   90   90   90   90
   90   91   91   92   92   93   93   94   95   96   96   97   98   99  100  101
  101  102  103  104  105  107  108  109  110
    82.5-180.0 180.0   5.0 450.0                            LAT/LON1/LON2/DLON/H
  110  111  113  114  115  117  118  119  119  120  120  120  120  119  119  118
  117  116  115  113  112  111  109  107  106  104  103  101   99   98   96   95
   93   92   90   89   88   87   86   86   85   85   84   84   84   85   85   85
   86   86   87   88   88   89   90   91   91   92   93   94   95   95   96   97
   99  100  101  102  104  105  107  108  110
    80.0-180.0 180.0   5.0 450.0                            LAT/LON1/LON2/DLON/H
  108  110  112  114  116  118  119  121  122  122  123  123  122  122  121  120
  118  117  115  113  111  109  108  106  104  102  100   98   96   94   93   91
   89   88   86   85   84   83   82   81   81   81   81   81   81   81   82   82
   83   84   85   85   86   87   88   88   89   90   90   91   91   92   93   94
   95   96   97   99  100  102  104  106  108
    77.5-180.0 180.0   5.0 450.0                            LAT/LON1/LON2/DLON/H
  105  107  110  112  115  117  120  122  123  124  125  125  124  123  122  120
  118  116  114  111  109  107  104  102  100   98   96   94   92   90   88   87
   85   84   83   81   80   79   79   78   78   78   78   78   79   80   80   81
   82   83   84   85   85   86   87   87   87   88   88   88   88   88   89   89
   90   91   93   94   96   98  100  102  105
    75.0-180.0 180.0   5.0 450.0                            LAT/LON1/LON2/DLON/H
  101  104  107  110  113  116  119  121  124  125  126  126  126  125  123  120
  118  115  112  109  106  103  100   97   95   92   90   88   87   85   84   82
   81   80   79   78   77   77   76   76   76   76   77   77   78   79   80   81
   82   83   84   84   85   86   86   87   87   86   86   86   86   86   86   86
   86   87   88   90   91   93   96   98  101
    72.5-180.0 180.0   5.0 450.0                            LAT/LON1/LON2/DLON/H
   97  100  103  106  110  113  117  120  123  125  127  127  127  126  123  120
  117  113  110  106  102   99   95   92   89   87   85   83   81   80   79   78
   77   77   76   75   75   74   74   74   74   75   75   76   77   78   79   80
   81   82   83   84   85   86   86   86   86   86   85   85   84   84   84   84
   84   85   86   87   88   90   92   95   97
    70.0-180.0 180.0   5.0 450.0                            LAT/LON1/LON2/DLON/H
   95   97  100  103  106  109  113  117  121  124  127  128  128  126  124  121
  117  113  109  104  100   96   92   88   85   82   80   78   77   76   75   75
   74   74   73   72   72   71   71   71   72   73   73   74   75   76   77   78
   79   80   81   83   84   85   86   86   86   86   85   85   84   84   84   84
   84   85   85   86   87   89   91   93   95
    67.5-180.0 180.0   5.0 450.0                            LAT/LON1/LON2/DLON/H
   95   96   98   99  102  105  109  113  117  122  125  127  127  127  124  121
  118  113  109  104   99   95   90   86   83   80   77   75   74   73   73   72
   72   72   71   70   69   68   68   68   68   69   70   71   72   73   73   74
   75   77   78   80   82   84   85   86   86   86   86   86   86   86   86   86
   87   87   87   88   89   90   92   93   95
    65.0-180.0 180.0   5.0 450.0                            LAT/LON1/LON2/DLON/H
   97   97   97   98   99  101  104  108  112  117  121  124  125  125  124  121
  118  114  110  105  101   96   92   88   84   81   78   76   74   73   73   72
   72   71   69   68   66   65   64   64   65   65   66   67   68   68   69   69
   70   72   74   76   79   82   84   86   87   87   88   88   89   90   91   91
   91   91   91   91   92   93   95   96   97
    62.5-180.0 180.0   5.0 450.0                            LAT/LON1/LON2/DLON/H
  102  102  101   99   98   98  100  103  107  112  116  120  122  123  122  120
  118  115  111  108  104  100   96   92   89   85   82   80   78   77   76   75
   73   72   70   67   65   63   62   61   61   62   63   64   64   64   64   64
   65   66   69   72   76   80   83   86   87   88   89   91   92   94   96   96
   96   96   96   96   97   98  100  101  102
    60.0-180.0 180.0   5.0 450.0                            LAT/LON1/LON2/DLON/H
  110  110  108  105  102  100   99  100  103  106  111  114  117  118  119  118
  116  115  112  110  107  105  102   99   96   93   90   88   85   83   81   79
   77   74   71   68   64   62   60   60   60   60   61   61   61   61   60   60
   60   61   64   68   73   78   83   86   88   90   91   93   96   98  100  101
  101  101  100  100  101  104  106  109  110
    57.5-180.0 180.0   5.0 450.0                            LAT/LON1/LON2/DLON/H
  120  121  120  117  112  108  104  102  102  104  107  110  112  114  115  115
  114  114  113  112  111  109  108  107  105  103  101   97   94   91   88   85
   82   78   74   70   66   63   61   61   61   61   61   61   61   60   58   57
   57   58   61   65   71   77   83   87   89   91   93   95   98  101  104  105
  105  104  103  103  105  109  113  117  120
    55.0-180.0 180.0   5.0 450.0                            LAT/LON1/LON2/DLON/H
  132  135  136  134  129  122  115  110  107  106  107  108  110  111  112  112
  112  112  112  113  113  113  114  115  115  114  112  108  104  100   95   91
   87   82   77   73   69   67   65   65   65   65   64   64   63   61   59   57
   56   56   59   64   70   77   84   88   91   93   94   97  100  103  106  107
  107  106  105  106  108  113  120  126  132
    52.5-180.0 180.0   5.0 450.0                            LAT/LON1/LON2/DLON/H
  143  150  155  155  151  144  134  125  118  114  112  111  111  111  111  111
  111  111  112  113  115  117  119  122  123  124  122  119  114  108  102   97
   91   86   81   77   74   72   71   71   71   71   70   69   67   65   63   60
   58   58   60   64   71   79   86   91   94   95   96   98  100  104  107  108
  108  107  106  107  111  118  126  135  143
    50.0-180.0 180.0   5.0 450.0                            LAT/LON1/LON2/DLON/H
  153  165  174  179  178  171  160  147  136  128  123  120  118  116  115  113
  112  112  113  114  116  119  123  127  131  132  131  127  121  114  108  101
   95   90   85   81   79   79   79   79   80   79   78   76   74   72   69   66
   63   61   62   66   73   81   88   94   97   98   98   99  101  104  107  108
  108  108  108  110  115  122  131  142  153
    47.5-180.0 180.0   5.0 450.0                            LAT/LON1/LON2/DLON/H
  161  177  191  202  205  200  188  173  159  148  140  134  130  126  122  119
  117  116  116  117  119  122  126  132  136  139  138  133  127  119  111  104
   98   93   89   86   85   86   87   88   88   87   85   83   81   79   76   72
   69   66   65   68   75   83   91   98  101  102  101  101  102  104  107  109
  110  110  112  115  120  127  136  147  161
    45.0-180.0 180.0   5.0 450.0                            LAT/LON1/LON2/DLON/H
  165  184  205  221  229  228  217  201  185  171  160  152  145  139  133  129
  125  123  122  122  123  125  130  136  141  144  143  138  131  123  114  107
  101   96   92   91   91   93   95   96   96   95   93   91   89   87   84   80
   75   71   69   71   77   85   93  101  105  107  106  105  104  106  108  111
  113  115  119  123  128  134  140  150  165
    42.5-180.0 180.0   5.0 450.0                            LAT/LON1/LON2/DLON/H
  167  188  213  235  249  251  242  227  210  194  182  171  162  154  146  140
  135  132  130  129  129  131  135  140  145  148  147  142  134  126  117  110
  104   99   97   96   97   99  101  103  103  101   99   97   96   94   91   87
   81   76   73   73   78   85   94  103  109  111  111  109  108  109  111  115
  118  123  129  135  139  142  146  153  167
    40.0-180.0 180.0   5.0 450.0                            LAT/LON1/LON2/DLON/H
  167  189  217  243  262  268  262  249  233  217  203  190  179  168  158  151
  145  141  139  138  137  138  141  146  151  153  152  146  138  129  121  113
  108  104  102  103  104  106  107  108  108  106  105  103  102  100   97   92
   86   79   75   74   77   84   93  103  111  116  117  115  114  114  116  120
  126  133  141  148  152  153  152  155  167
    37.5-180.0 180.0   5.0 450.0                            LAT/LON1/LON2/DLON/H
  168  189  218  247  269  279  277  267  253  238  222  207  192  179  168  159
  153  150  148  146  145  145  148  153  157  159  157  151  142  133  125  118
  113  110  109  110  111  112  112  112  112  111  109  108  107  106  102   96
   89   82   76   74   76   81   90  101  111  119  121  121  119  119  122  127
  134  143  154  162  167  165  161  160  168
    35.0-180.0 180.0   5.0 450.0                            LAT/LON1/LON2/DLON/H
  173  192  219  249  272  285  287  282  271  258  241  223  204  187  174  164
  158  155  154  153  153  153  156  161  165  167  164  156  147  137  129  122
  118  116  116  117  117  117  117  116  115  114  113  112  112  110  105   98
   90   82   77   74   73   77   85   97  110  120  125  125  124  125  128  134
  142  153  165  175  180  178  171  167  173
    32.5-180.0 180.0   5.0 450.0                            LAT/LON1/LON2/DLON/H
  182  198  224  251  274  289  296  295  289  278  261  239  216  195  178  167
  161  158  157  158  158  159  163  169  174  175  171  162  151  141  133  126
  122  120  121  123  123  122  120  118  117  117  116  116  115  112  106   98
   89   81   76   72   70   72   79   92  106  119  126  128  128  129  133  139
  148  160  173  186  192  190  183  178  182
    30.0-180.0 180.0   5.0 450.0                            LAT/LON1/LON2/DLON/H
  196  210  232  257  278  294  305  310  309  301  283  258  230  204  184  171
  163  159  159  160  162  165  169  177  183  184  178  167  155  143  134  127
  123  122  124  126  126  124  122  120  119  118  117  117  115  111  105   95
   86   79   73   69   67   67   73   85  101  116  125  129  130  132  137  143
  152  164  178  192  201  201  197  193  196
    27.5-180.0 180.0   5.0 450.0                            LAT/LON1/LON2/DLON/H
  215  227  245  265  284  301  315  326  331  327  310  282  250  220  196  179
  168  162  161  162  165  169  176  184  191  192  184  171  156  143  133  125
  121  120  122  125  125  123  121  119  118  118  117  115  112  108  100   90
   81   75   70   66   63   62   66   78   95  111  123  128  131  134  139  147
  155  166  180  195  206  211  210  210  215
    25.0-180.0 180.0   5.0 450.0                            LAT/LON1/LON2/DLON/H
  234  245  260  276  293  310  327  343  354  354  340  313  278  244  216  195
  180  170  166  167  171  176  183  192  198  198  188  172  154  139  128  120
  114  113  116  119  120  119  117  116  116  114  112  110  106  100   92   83
   75   69   66   63   59   57   60   72   89  107  119  127  131  136  142  150
  158  167  181  196  210  219  223  227  234
    22.5-180.0 180.0   5.0 450.0                            LAT/LON1/LON2/DLON/H
  252  263  275  288  303  320  339  358  375  381  372  347  313  277  246  221
  201  187  179  178  181  186  192  200  205  202  190  170  149  133  121  111
  105  103  106  109  111  111  110  110  110  108  105  100   95   90   82   74
   67   63   61   58   54   52   55   66   84  102  116  125  131  138  146  154
  161  170  181  197  212  225  235  243  252
    20.0-180.0 180.0   5.0 450.0                            LAT/LON1/LON2/DLON/H
  267  277  287  298  312  328  347  369  389  402  401  383  352  318  286  258
  233  213  201  197  198  201  205  210  212  205  189  166  143  126  113  102
   95   92   94   97  100  100  101  103  103  100   95   88   83   77   70   63
   58   56   55   53   50   47   50   61   79   98  113  124  133  142  151  160
  167  174  184  198  214  230  244  256  267
    17.5-180.0 180.0   5.0 450.0                            LAT/LON1/LON2/DLON/H
  277  286  295  306  319  334  351  371  394  413  421  413  391  361  331  301
  273  248  232  225  223  223  222  221  218  207  187  161  137  118  105   94
   86   82   82   85   88   89   92   94   94   90   83   75   69   64   59   53
   50   49   48   47   44   43   46   57   74   94  111  125  136  148  159  168
  175  181  190  203  218  235  251  265  277
    15.0-180.0 180.0   5.0 450.0                            LAT/LON1/LON2/DLON/H
  282  291  300  311  325  338  350  365  387  412  430  434  422  400  374  346
  316  288  268  257  253  248  241  234  224  208  184  156  131  113  100   89
   80   74   74   76   78   80   83   86   86   81   72   64   57   53   49   45
   42   42   41   40   39   38   42   52   69   90  110  127  142  155  168  178
  185  191  199  210  224  240  256  270  282
    12.5-180.0 180.0   5.0 450.0                            LAT/LON1/LON2/DLON/H
  285  294  304  318  332  342  346  353  370  398  425  441  440  427  408  384
  355  326  304  291  283  274  261  245  229  208  181  152  128  111   99   88
   78   71   70   70   72   73   77   80   80   74   65   55   49   45   41   38
   37   36   35   35   34   34   38   48   64   86  108  129  147  164  178  189
  196  202  209  218  231  245  260  274  285
    10.0-180.0 180.0   5.0 450.0                            LAT/LON1/LON2/DLON/H
  289  298  310  327  342  348  342  338  347  374  409  434  442  439  427  409
  384  356  334  320  310  296  277  255  231  206  178  150  127  111  101   90
   80   73   71   70   70   71   73   76   76   70   60   51   45   41   38   35
   33   32   31   30   30   30   34   43   59   81  106  131  152  171  186  197
  205  212  218  227  238  251  265  278  289
     7.5-180.0 180.0   5.0 450.0                            LAT/LON1/LON2/DLON/H
  294  306  321  342  358  359  343  325  325  348  385  415  430  432  428  418
  398  374  352  338  327  311  287  259  231  204  175  149  128  114  104   94
   84   78   75   74   73   72   73   75   74   68   60   51   45   41   37   33
   31   29   28   27   27   28   31   39   53   76  103  131  155  175  191  202
  211  218  226  234  245  257  270  283  294
     5.0-180.0 180.0   5.0 450.0                            LAT/LON1/LON2/DLON/H
  303  317  338  362  380  376  351  320  309  326  360  390  406  411  412  409
  397  377  357  344  332  315  289  257  227  199  172  148  130  117  108   98
   89   83   81   80   77   75   74   75   74   69   61   54   49   43   38   34
   31   29   28   27   27   28   30   35   48   70   99  129  155  176  191  203
  212  220  229  238  249  261  276  290  303
     2.5-180.0 180.0   5.0 450.0                            LAT/LON1/LON2/DLON/H
  313  332  357  385  405  398  365  325  304  314  341  365  377  381  385  387
  381  366  349  336  325  308  282  250  219  193  169  148  131  119  109   99
   91   86   85   84   81   77   74   74   73   69   63   58   52   46   40   35
   32   30   29   28   29   30   30   33   44   65   94  125  152  172  187  199
  208  218  228  238  250  264  280  296  313
