gnss_preprocessor/dataset/smartLoc/Berlin_Gendarmenmarkt/casg1580.16i
     1.0            IONOSPHERE MAPS     MIX                 IONEX VERSION / TYPE
GIM_AOE V1.0        LZSH                2016-06-10 00:10:43 PGM / RUN BY / DATE
Global ionospheric map produced by aoe                      DESCRIPTION
Contact address: Li Zishen                                  DESCRIPTION
                                Chinese Academy of Sciences DESCRIPTION
                              Navigation Headquarter of CAS DESCRIPTION
                 Dengzhuang south Road,Beijing,China,100094 DESCRIPTION
                                   Email:lizishen@aoe.ac.cn DESCRIPTION
  2016     6     6     0     0  0.00                        EPOCH OF FIRST MAP
  2016     6     7     0     0  0.00                        EPOCH OF LAST MAP
  1800.0                                                    INTERVAL
    49                                                      # OF MAPS IN FILE
  COSZ                                                      MAPPING FUNCTION
     0.0                                                    ELEVATION CUTOFF
TEC is obtained by adjusted uncombined raw observation      OBSERVABLES USED
  6371.4                                                    BASE RADIUS 
     2                                                      MAP DIMENSION
   450.0 450.0   0.0                                        HGT1 / HGT2 / DHGT
    87.5 -87.5  -2.5                                        LAT1 / LAT2 / DLAT
  -180.0 180.0   5.0                                        LON1 / LON2 / DLON
    -1                                                      EXPONENT
TEC values in 0.1 tec units;  9999, if no value available   COMMENT
DCB values in nanoseconds, reference is Sum_of_SatDCBs = 0  COMMENT
                                                            END OF HEADER
[from data line 19305]
    46                                                      START OF TEC MAP
  2016     6     6    22    30     0                        EPOCH OF CURRENT MAP
    87.5-180.0 180.0   5.0 450.0                            LAT/LON1/LON2/DLON/H
  109  110  110  110  111  111  111  112  112  112  112  112  112  112  112  111
  111  111  110  110  109  109  108  107  107  106  105  105  104  103  102  102
  101  100  100   99   99   98   98   97   97   97   97   96   96   96   96   97
   97   97   97   98   98   98   99   99  100  100  101  102  102  103  103  104
  105  105  106  106  107  108  108  109  109
    85.0-180.0 180.0   5.0 450.0                            LAT/LON1/LON2/DLON/H
  111  112  113  114  115  115  116  116  117  117  117  117  117  117  117  117
  116  115  115  114  113  112  111  109  108  107  105  104  103  101  100   98
   97   96   95   93   92   91   91   90   89   89   89   88   88   89   89   89
   90   90   91   91   92   93   94   95   96   97   98   98   99  100  101  102
  103  104  105  106  107  108  109  110  111
    82.5-180.0 180.0   5.0 450.0                            LAT/LON1/LON2/DLON/H
  110  112  113  114  116  117  118  119  120  120  121  121  121  121  121  120
  119  118  117  116  115  113  112  110  108  106  104  103  101   99   97   95
   93   91   90   88   87   85   84   83   83   82   82   82   82   82   83   83
   84   85   86   87   88   89   90   91   92   93   94   95   96   97   98   99
  101  102  103  104  105  106  108  109  110
    80.0-180.0 180.0   5.0 450.0                            LAT/LON1/LON2/DLON/H
  107  109  111  113  114  116  118  119  121  122  122  123  123  123  122  122
  121  120  118  117  115  113  111  109  107  104  102  100   98   96   94   91
   89   88   86   84   82   81   80   79   78   78   77   77   78   78   79   80
   81   82   83   85   86   87   88   89   90   91   91   92   93   94   94   95
   96   97   98   99  101  102  104  105  107
    77.5-180.0 180.0   5.0 450.0                            LAT/LON1/LON2/DLON/H
  102  104  106  109  111  114  116  118  120  122  123  124  124  124  123  122
  121  119  117  115  113  111  108  106  103  100   98   96   93   91   89   88
   86   84   82   81   79   78   77   76   75   75   75   75   76   77   78   79
   80   81   83   84   85   86   87   87   88   88   89   89   89   89   90   90
   91   92   93   94   95   96   98  100  102
    75.0-180.0 180.0   5.0 450.0                            LAT/LON1/LON2/DLON/H
   96   99  101  104  107  111  114  117  119  122  123  124  124  124  123  122
  120  118  116  113  110  107  104  101   98   95   92   90   88   86   85   83
   82   81   79   78   77   76   75   74   73   73   74   74   75   76   78   79
   80   82   83   84   85   86   86   86   86   86   86   86   86   85   85   86
   86   86   87   88   89   91   92   94   96
    72.5-180.0 180.0   5.0 450.0                            LAT/LON1/LON2/DLON/H
   92   94   97  100  103  107  111  115  118  121  123  125  125  125  124  122
  120  118  115  112  108  104  100   96   92   89   86   83   82   80   79   79
   78   77   77   76   75   73   73   72   72   72   73   74   75   76   78   79
   80   81   82   83   84   85   85   85   85   85   84   84   83   83   82   82
   83   83   84   84   85   87   88   90   92
    70.0-180.0 180.0   5.0 450.0                            LAT/LON1/LON2/DLON/H
   89   91   94   96  100  104  108  112  117  120  123  125  126  125  124  123
  120  118  114  111  107  102   97   92   87   83   80   77   76   75   75   75
   75   75   74   73   72   71   70   70   70   70   71   72   74   75   77   78
   79   80   81   82   82   83   84   84   84   84   83   83   82   82   82   82
   82   82   83   83   84   85   86   88   89
    67.5-180.0 180.0   5.0 450.0                            LAT/LON1/LON2/DLON/H
   90   91   92   94   97  100  104  109  114  118  122  124  126  126  125  123
  121  118  115  111  107  101   96   90   85   80   76   74   73   72   72   72
   73   73   72   71   70   68   67   67   67   68   69   70   72   73   74   75
   75   76   77   78   79   80   82   83   83   83   83   83   83   83   83   83
   84   84   85   85   86   87   88   89   90
    65.0-180.0 180.0   5.0 450.0                            LAT/LON1/LON2/DLON/H
   93   94   94   94   95   97  100  105  110  115  119  122  124  125  124  123
  121  119  117  113  109  103   97   91   86   81   77   75   73   73   72   73
   72   72   71   70   68   66   64   64   64   64   66   67   69   70   70   70
   70   70   71   72   74   76   79   81   82   83   84   85   85   86   87   88
   88   89   89   89   90   91   92   93   93
    62.5-180.0 180.0   5.0 450.0                            LAT/LON1/LON2/DLON/H
  100  100   99   97   96   96   97  100  104  110  115  118  121  122  122  122
  121  119  118  115  112  107  101   96   90   86   83   80   79   77   77   76
   75   73   72   69   67   64   62   61   61   62   63   65   66   66   66   65
   64   64   64   66   68   72   76   79   82   84   86   87   88   90   91   93
   94   94   94   94   95   96   97   99  100
    60.0-180.0 180.0   5.0 450.0                            LAT/LON1/LON2/DLON/H
  108  109  107  104  100   97   96   97  100  104  109  114  117  119  119  119
  119  118  118  117  114  111  107  102   98   95   93   91   89   87   84   82
   80   77   74   71   68   65   62   61   61   62   63   64   64   64   63   61
   59   58   58   60   63   68   73   78   82   85   87   89   91   94   96   98
   99   99   99   98   99  101  104  107  108
    57.5-180.0 180.0   5.0 450.0                            LAT/LON1/LON2/DLON/H
  119  120  119  115  110  104  100   98   98  101  105  110  113  115  116  116
  116  116  117  117  116  115  112  110  108  107  106  105  102   99   95   90
   86   82   78   74   71   67   65   64   64   64   65   66   65   64   62   59
   57   55   54   56   60   66   72   78   83   87   89   91   94   96   99  102
  103  102  101  101  102  105  110  115  119
    55.0-180.0 180.0   5.0 450.0                            LAT/LON1/LON2/DLON/H
  129  133  134  131  125  118  111  105  102  102  105  108  111  113  113  113
  112  113  114  116  117  118  117  118  118  120  121  120  117  112  106  100
   93   88   83   79   75   72   70   69   69   70   70   70   69   67   64   60
   57   54   54   55   59   65   72   79   85   89   91   93   95   98  101  103
  104  104  102  102  103  108  115  122  129
    52.5-180.0 180.0   5.0 450.0                            LAT/LON1/LON2/DLON/H
  139  146  150  150  146  138  129  120  114  110  110  111  114  115  114  112
  111  110  112  114  117  119  121  124  128  132  135  135  131  125  117  108
  100   94   89   84   81   78   77   77   77   77   77   76   74   72   68   65
   61   58   56   57   61   67   74   82   87   91   92   93   95   98  101  104
  105  104  102  102  104  110  119  129  139
    50.0-180.0 180.0   5.0 450.0                            LAT/LON1/LON2/DLON/H
  147  158  166  170  170  165  155  144  133  125  121  120  121  121  118  115
  111  110  111  113  117  120  124  129  135  142  146  147  143  135  125  115
  106   99   94   90   87   85   85   85   86   86   86   84   81   78   75   71
   67   64   61   61   64   70   77   84   90   93   94   94   95   97  100  103
  105  104  103  103  106  112  122  134  147
    47.5-180.0 180.0   5.0 450.0                            LAT/LON1/LON2/DLON/H
  152  166  179  189  195  194  187  174  160  147  139  135  133  131  127  121
  116  113  112  115  118  122  127  133  141  149  155  157  152  143  131  119
  110  103   98   95   93   92   93   94   95   95   94   91   88   85   82   79
   75   71   68   67   69   73   80   87   93   96   97   96   96   97  100  104
  106  106  106  107  110  117  127  139  152
    45.0-180.0 180.0   5.0 450.0                            LAT/LON1/LON2/DLON/H
  155  169  187  204  218  224  221  209  192  175  162  153  148  144  139  131
  124  119  117  119  123  126  131  137  146  155  162  163  158  147  135  123
  113  107  102  100   99   99  100  102  102  102  100   98   95   92   89   86
   83   79   75   73   73   76   82   89   96   99  100   99   98   99  102  106
  109  111  112  114  119  125  133  143  155
    42.5-180.0 180.0   5.0 450.0                            LAT/LON1/LON2/DLON/H
  155  169  189  213  236  250  253  244  226  205  187  174  166  159  151  142
  133  127  125  127  129  132  136  142  151  161  168  168  162  150  137  125
  116  110  107  105  105  105  107  108  109  108  106  103  100   98   96   93
   90   85   81   77   76   78   83   90   97  102  104  103  102  103  106  110
  115  118  122  126  131  137  141  147  155
    40.0-180.0 180.0   5.0 450.0                            LAT/LON1/LON2/DLON/H
  155  166  188  217  247  270  280  275  258  235  213  195  182  172  163  152
  143  137  134  136  138  140  143  149  157  167  174  173  166  153  140  128
  120  115  112  111  111  112  113  114  114  113  110  107  104  103  101   99
   95   90   84   79   76   77   81   89   97  104  108  109  108  109  112  117
  122  128  135  141  147  151  152  152  155
    37.5-180.0 180.0   5.0 450.0                            LAT/LON1/LON2/DLON/H
  156  164  184  216  252  283  300  301  287  264  238  216  198  184  171  160
  150  144  143  144  146  148  151  156  166  175  181  179  170  156  143  132
  124  120  117  116  117  119  120  120  119  117  114  111  108  107  105  102
   98   91   85   79   75   74   78   85   95  105  111  114  115  116  119  124
  131  139  148  157  165  168  165  159  156
    35.0-180.0 180.0   5.0 450.0                            LAT/LON1/LON2/DLON/H
  161  164  182  214  253  289  313  321  312  291  263  236  212  193  177  164
  155  149  148  151  153  156  159  165  175  185  190  186  174  159  145  135
  128  124  122  122  123  125  126  126  124  121  117  114  112  110  108  104
   98   91   83   77   72   70   73   80   92  104  113  119  121  123  126  132
  139  148  159  171  181  184  179  169  161
    32.5-180.0 180.0   5.0 450.0                            LAT/LON1/LON2/DLON/H
  171  171  186  215  254  292  321  335  333  315  288  257  227  202  182  166
  156  151  151  154  157  161  166  174  186  196  199  192  178  161  146  137
  131  127  125  126  128  130  131  130  128  124  120  117  115  113  109  104
   97   89   81   74   69   66   67   74   87  101  114  122  126  128  132  138
  145  155  167  181  193  198  194  182  171
    30.0-180.0 180.0   5.0 450.0                            LAT/LON1/LON2/DLON/H
  187  185  196  221  256  293  325  345  350  338  313  281  246  214  189  170
  157  151  151  154  159  165  172  183  196  206  207  197  179  160  145  136
  130  126  125  127  130  133  134  133  130  126  122  118  116  113  109  102
   93   85   77   70   65   62   62   68   81   97  112  123  129  132  136  142
  150  160  172  187  201  209  208  198  187
    27.5-180.0 180.0   5.0 450.0                            LAT/LON1/LON2/DLON/H
  207  205  214  234  262  295  327  352  364  360  340  308  271  233  202  178
  162  154  152  155  160  168  178  192  206  215  213  199  177  156  140  131
  126  122  121  123  128  132  134  132  129  125  121  117  114  110  105   97
   88   80   72   67   62   58   57   63   75   92  109  121  129  134  139  145
  153  162  174  189  205  217  220  214  207
    25.0-180.0 180.0   5.0 450.0                            LAT/LON1/LON2/DLON/H
  229  229  237  251  272  299  329  357  376  380  368  340  302  261  225  196
  176  164  159  160  165  174  187  201  215  222  216  197  171  147  132  123
  118  114  113  116  122  127  129  127  124  120  116  112  108  103   98   90
   81   73   67   63   59   55   54   58   69   86  104  118  128  134  140  148
  155  163  174  189  206  221  229  230  229
    22.5-180.0 180.0   5.0 450.0                            LAT/LON1/LON2/DLON/H
  249  254  260  270  284  305  331  360  384  397  393  373  339  299  259  226
  201  184  175  173  177  187  200  213  224  226  215  191  161  136  121  113
  107  103  102  106  112  117  119  118  115  112  107  103   98   93   87   80
   73   66   62   59   55   52   51   54   65   81   99  115  126  134  142  150
  159  166  175  188  205  223  236  244  249
    20.0-180.0 180.0   5.0 450.0                            LAT/LON1/LON2/DLON/H
  265  274  281  288  297  312  334  360  386  406  413  404  378  342  303  267
  238  216  202  196  199  207  218  228  233  229  211  182  150  125  110  102
   97   93   91   94  100  105  107  106  104  101   96   91   85   80   75   69
   63   59   56   54   52   49   48   51   60   76   94  111  124  134  144  155
  164  171  178  189  205  223  240  254  265
    17.5-180.0 180.0   5.0 450.0                            LAT/LON1/LON2/DLON/H
  276  288  296  301  307  318  335  358  383  406  423  426  413  386  351  316
  286  260  241  231  230  236  243  247  243  230  206  173  140  115  101   95
   89   84   81   84   89   93   94   93   91   88   84   78   72   66   62   57
   53   50   49   48   47   45   45   48   56   71   90  108  123  136  148  160
  171  178  184  193  207  224  243  260  276
    15.0-180.0 180.0   5.0 450.0                            LAT/LON1/LON2/DLON/H
  281  295  304  310  315  324  337  354  373  396  420  437  439  424  398  367
  337  309  286  272  269  271  272  267  254  231  201  166  133  110   98   91
   85   79   76   77   82   84   84   82   80   78   73   67   60   54   50   47
   45   43   42   41   41   41   41   44   52   66   85  105  123  138  153  167
  179  187  192  199  210  226  244  263  281
    12.5-180.0 180.0   5.0 450.0                            LAT/LON1/LON2/DLON/H
  282  296  307  314  322  332  341  349  359  377  405  434  451  451  435  411
  385  357  333  316  309  307  301  287  263  232  198  162  132  110   99   93
   86   79   75   76   79   80   78   75   73   71   66   59   52   46   42   40
   38   36   35   35   35   35   37   40   47   61   80  102  123  142  158  174
  187  196  201  207  216  229  246  264  282
    10.0-180.0 180.0   5.0 450.0                            LAT/LON1/LON2/DLON/H
  282  296  307  318  330  342  348  346  344  354  381  418  448  461  456  441
  420  396  372  353  343  337  326  303  271  233  196  162  135  116  105   98
   90   82   78   79   81   81   77   73   70   68   63   56   49   43   38   35
   33   31   30   29   29   31   33   36   42   54   74   99  123  144  162  179
  193  202  209  214  222  234  248  265  282
     7.5-180.0 180.0   5.0 450.0                            LAT/LON1/LON2/DLON/H
  283  297  310  324  341  357  361  349  333  331  353  393  432  454  458  451
  438  419  396  377  365  356  340  312  274  233  196  165  141  124  113  105
   95   87   83   85   87   86   80   75   71   68   64   58   51   44   39   34
   31   29   27   26   26   28   30   32   36   48   68   95  122  146  165  182
  195  206  213  219  227  238  252  268  283
     5.0-180.0 180.0   5.0 450.0                            LAT/LON1/LON2/DLON/H
  288  302  316  335  358  377  379  359  329  314  328  365  406  433  442  442
  435  422  403  385  372  361  343  312  272  231  197  170  149  133  121  110
   99   91   88   90   93   91   85   78   74   71   68   62   55   48   42   36
   32   29   27   25   26   27   29   30   32   42   62   90  120  145  165  181
  194  205  213  221  231  242  257  272  288
     2.5-180.0 180.0   5.0 450.0                            LAT/LON1/LON2/DLON/H
  296  311  328  350  377  400  402  376  335  307  311  342  379  403  413  415
  414  407  392  375  362  352  334  303  264  226  196  173  155  139  125  112
   99   91   89   93   96   94   88   81   76   74   71   66   60   53   45   38
   33   30   28   27   28   29   30   29   30   37   56   85  116  142  162  178
  190  201  210  220  231  245  261  279  296
