gnss_preprocessor/dataset/smartLoc/Berlin_Gendarmenmarkt/casg1580.16i
     1.0            IONOSPHERE MAPS     MIX                 IONEX VERSION / TYPE
GIM_AOE V1.0        LZSH                2016-06-10 00:10:43 PGM / RUN BY / DATE
Global ionospheric map produced by aoe                      DESCRIPTION
Contact address: Li Zishen                                  DESCRIPTION
                                Chinese Academy of Sciences DESCRIPTION
                              Navigation Headquarter of CAS DESCRIPTION
                 Dengzhuang south Road,Beijing,China,100094 DESCRIPTION
                                   Email:lizishen@aoe.ac.cn DESCRIPTION
  2016     6     6     0     0  0.00                        EPOCH OF FIRST MAP
  2016     6     7     0     0  0.00                        EPOCH OF LAST MAP
  1800.0                                                    INTERVAL
    49                                                      # OF MAPS IN FILE
  COSZ                                                      MAPPING FUNCTION
     0.0                                                    ELEVATION CUTOFF
TEC is obtained by adjusted uncombined raw observation      OBSERVABLES USED
  6371.4                                                    BASE RADIUS 
     2                                                      MAP DIMENSION
   450.0 450.0   0.0                                        HGT1 / HGT2 / DHGT
    87.5 -87.5  -2.5                                        LAT1 / LAT2 / DLAT
  -180.0 180.0   5.0                                        LON1 / LON2 / DLON
    -1                                                      EXPONENT
TEC values in 0.1 tec units;  9999, if no value available   COMMENT
DCB values in nanoseconds, reference is Sum_of_SatDCBs = 0  COMMENT
                                                            END OF HEADER
[from data line 3861]
    10                                                      START OF TEC MAP
  2016     6     6     4    30     0                        EPOCH OF CURRENT MAP
    87.5-180.0 180.0   5.0 450.0                            LAT/LON1/LON2/DLON/H
   97   98   98   98   98   98   98   98   97   97   97   96   96   96   95   94
   94   93   93   92   91   91   90   89   89   88   88   87   87   86   86   85
   85   85   84   84   84   84   84   84   84   84   84   84   84   84   84   85
   85   86   86   86   87   88   88   89   89   90   91   91   92   93   93   94
   94   95   95   96   96   96   97   97   97
    85.0-180.0 180.0   5.0 450.0                            LAT/LON1/LON2/DLON/H
  103  104  104  104  104  104  104  104  104  103  103  102  101  100   99   97
   96   95   93   92   90   89   88   87   86   85   84   83   82   82   81   81
   80   80   79   79   79   78   78   78   78   78   78   78   78   79   79   80
   81   82   83   84   85   86   87   89   90   91   92   94   95   96   97   98
   99   99  100  101  101  102  103  103  103
    82.5-180.0 180.0   5.0 450.0                            LAT/LON1/LON2/DLON/H
  108  108  109  109  109  110  110  110  109  109  108  106  105  103  101   99
   96   94   91   89   86   84   82   81   80   79   78   77   77   77   77   77
   76   76   76   75   75   75   74   74   74   73   73   74   74   75   76   77
   78   80   81   83   85   87   89   91   93   95   97   98  100  101  102  103
  104  105  106  106  107  107  107  108  108
    80.0-180.0 180.0   5.0 450.0                            LAT/LON1/LON2/DLON/H
  110  111  111  111  112  112  113  113  113  113  112  110  108  105  102   98
   95   91   87   83   80   77   75   73   72   71   71   71   72   72   73   74
   74   74   74   74   73   73   72   72   71   71   71   71   72   73   75   76
   78   81   83   86   88   91   93   96   98  101  103  105  107  108  110  110
  111  111  111  111  111  111  111  110  110
    77.5-180.0 180.0   5.0 450.0                            LAT/LON1/LON2/DLON/H
  111  111  111  111  112  113  114  115  115  115  114  112  110  106  102   97
   92   87   81   76   72   68   66   64   63   63   64   65   67   69   71   72
   73   74   74   74   73   72   72   71   70   70   70   71   72   74   76   79
   82   84   87   91   94   97  100  103  105  108  111  113  115  116  118  118
  119  118  118  117  116  114  113  112  111
    75.0-180.0 180.0   5.0 450.0                            LAT/LON1/LON2/DLON/H
  111  110  109  109  110  111  112  114  115  115  114  113  110  107  102   96
   90   83   76   70   65   61   58   56   56   57   58   61   64   67   70   72
   74   75   75   75   74   73   72   71   70   70   71   72   75   77   80   84
   87   91   94   97  100  104  107  109  112  115  118  120  122  124  125  126
  126  125  124  122  120  118  115  113  111
    72.5-180.0 180.0   5.0 450.0                            LAT/LON1/LON2/DLON/H
  111  108  107  106  106  107  109  110  112  113  113  112  109  106  101   95
   88   80   73   66   60   55   52   51   51   53   55   59   63   67   70   73
   75   77   77   76   75   74   72   71   71   71   73   75   79   83   87   91
   95   98  102  105  107  110  112  115  117  120  122  125  127  129  131  132
  132  131  130  128  125  121  118  114  111
    70.0-180.0 180.0   5.0 450.0                            LAT/LON1/LON2/DLON/H
  112  108  105  103  103  103  104  105  107  108  108  108  106  103   99   94
   87   80   72   65   59   54   51   50   50   52   55   59   63   68   72   75
   77   78   78   77   75   73   72   71   71   72   75   79   84   89   94   99
  103  106  109  111  113  114  116  118  120  122  124  127  129  131  133  135
  136  136  135  133  130  126  121  116  112
    67.5-180.0 180.0   5.0 450.0                            LAT/LON1/LON2/DLON/H
  115  109  105  102  101  100  100  100  100  101  101  101  101   99   97   93
   87   81   74   67   61   56   53   52   52   54   57   61   65   69   72   75
   77   78   77   76   74   73   71   71   72   74   78   84   90   96  102  107
  111  113  115  116  116  117  118  119  121  122  125  127  129  132  134  136
  138  140  140  139  136  132  126  120  115
    65.0-180.0 180.0   5.0 450.0                            LAT/LON1/LON2/DLON/H
  120  114  109  105  102   99   97   95   94   93   92   93   93   93   93   91
   87   82   77   71   65   60   57   56   55   57   59   62   65   68   71   73
   75   75   75   74   73   71   70   71   73   77   82   89   97  104  110  115
  118  119  120  119  119  119  119  120  121  123  125  127  129  131  134  136
  139  142  144  144  142  138  133  127  120
    62.5-180.0 180.0   5.0 450.0                            LAT/LON1/LON2/DLON/H
  127  121  115  110  106  102   98   93   89   85   83   83   84   86   87   87
   86   83   79   74   69   65   61   59   59   59   60   61   63   65   67   69
   70   71   71   71   70   70   70   72   75   80   87   96  104  111  117  121
  124  124  123  122  121  121  121  122  124  125  127  129  130  132  134  137
  140  144  147  149  148  146  141  134  127
    60.0-180.0 180.0   5.0 450.0                            LAT/LON1/LON2/DLON/H
  136  130  124  120  115  110  103   95   88   81   77   75   76   78   80   82
   83   82   80   76   72   67   64   61   59   59   58   58   59   60   61   62
   64   65   67   68   68   69   71   74   78   85   93  103  111  119  124  127
  129  128  127  126  125  125  126  128  130  132  134  135  135  136  137  138
  142  146  150  153  154  153  148  142  136
    57.5-180.0 180.0   5.0 450.0                            LAT/LON1/LON2/DLON/H
  144  139  135  132  128  122  114  103   92   82   74   70   70   71   74   77
   79   79   77   75   71   67   63   60   57   56   54   53   53   53   53   55
   57   59   62   65   67   70   73   78   84   91  101  110  119  126  131  133
  133  133  132  132  133  134  136  139  141  143  145  145  144  143  142  142
  145  149  154  158  160  159  156  150  144
    55.0-180.0 180.0   5.0 450.0                            LAT/LON1/LON2/DLON/H
  152  148  147  145  143  138  129  116  102   89   79   72   69   68   70   72
   73   74   73   71   67   64   60   56   53   51   49   47   46   46   47   48
   51   55   59   63   68   72   77   83   90   99  108  118  126  133  137  138
  139  139  140  142  145  147  151  154  156  158  159  158  156  153  150  149
  149  153  157  162  165  164  161  157  152
    52.5-180.0 180.0   5.0 450.0                            LAT/LON1/LON2/DLON/H
  158  156  157  159  159  155  147  134  118  103   90   81   74   71   69   69
   69   69   68   66   63   59   55   52   49   46   45   43   43   43   43   45
   49   53   58   64   70   76   82   89   97  107  116  126  133  139  142  144
  145  148  151  155  160  164  168  171  172  173  173  172  168  164  160  156
  155  157  161  166  168  169  166  162  158
    50.0-180.0 180.0   5.0 450.0                            LAT/LON1/LON2/DLON/H
  163  163  166  170  173  171  164  153  138  123  108   96   87   79   73   70
   67   66   64   62   59   55   52   49   46   45   44   44   44   45   46   48
   51   55   60   66   73   80   88   96  105  114  124  132  140  145  148  150
  153  158  164  171  178  183  186  187  187  187  185  183  179  174  169  164
  162  162  165  169  172  172  170  166  163
    47.5-180.0 180.0   5.0 450.0                            LAT/LON1/LON2/DLON/H
  168  169  173  178  183  184  179  170  158  144  131  118  105   93   83   75
   70   67   64   61   58   55   52   50   49   49   50   51   53   54   55   56
   58   61   65   70   77   84   93  102  111  121  130  138  145  150  153  156
  161  168  178  187  195  200  202  200  198  195  193  190  186  181  176  171
  168  168  170  174  176  177  174  171  168
    45.0-180.0 180.0   5.0 450.0                            LAT/LON1/LON2/DLON/H
  175  175  178  184  189  191  189  183  175  165  154  141  127  112   98   86
   78   73   69   66   62   59   57   56   57   60   63   66   69   70   70   70
   69   70   71   75   81   88   97  106  116  126  135  143  150  155  158  162
  169  179  191  202  211  215  214  210  204  199  196  193  190  186  182  177
  175  174  176  179  182  182  180  177  175
    42.5-180.0 180.0   5.0 450.0                            LAT/LON1/LON2/DLON/H
  184  183  185  188  192  194  193  190  186  180  173  163  149  132  115  100
   90   84   80   76   72   69   68   69   73   77   82   87   90   91   90   87
   83   80   79   80   83   90   99  109  120  130  139  147  154  159  163  168
  175  187  201  214  222  225  222  215  207  201  196  194  192  190  187  183
  181  181  183  187  190  190  189  186  184
    40.0-180.0 180.0   5.0 450.0                            LAT/LON1/LON2/DLON/H
  196  194  192  193  193  193  192  191  191  190  187  180  167  150  132  116
  105   98   94   90   86   84   84   87   93   99  105  111  114  114  111  105
   97   90   85   83   84   90   99  111  122  133  142  150  157  162  167  172
  180  193  208  221  229  231  227  219  210  203  199  197  196  195  193  191
  190  190  193  196  199  201  201  199  196
    37.5-180.0 180.0   5.0 450.0                            LAT/LON1/LON2/DLON/H
  211  208  203  199  195  192  190  189  191  193  194  190  180  164  146  131
  120  114  110  106  103  101  103  108  115  123  129  134  136  135  129  119
  108   98   89   84   83   88   98  110  123  135  144  153  160  165  170  175
  184  196  211  225  234  236  232  225  217  211  207  206  206  206  204  202
  201  202  204  208  212  214  215  214  211
    35.0-180.0 180.0   5.0 450.0                            LAT/LON1/LON2/DLON/H
  229  225  218  210  202  195  189  187  189  192  196  194  186  173  157  143
  134  128  125  122  120  120  123  130  138  145  150  153  153  149  140  128
  114  101   90   83   81   85   95  109  123  136  146  155  162  168  172  177
  185  198  213  227  237  241  240  236  232  228  226  225  225  224  222  219
  217  217  219  222  225  228  230  231  229
    32.5-180.0 180.0   5.0 450.0                            LAT/LON1/LON2/DLON/H
  248  244  236  226  214  204  195  190  189  191  194  193  188  177  164  152
  144  140  138  136  136  137  142  150  157  162  164  163  160  153  142  129
  114  100   89   80   77   80   91  106  122  136  147  156  163  169  174  179
  187  199  214  229  241  249  253  255  255  255  254  254  253  250  246  240
  237  235  237  238  240  242  245  248  248
    30.0-180.0 180.0   5.0 450.0                            LAT/LON1/LON2/DLON/H
  265  263  256  246  233  221  209  200  194  193  193  191  186  178  167  157
  150  147  147  148  149  152  158  166  171  173  170  165  158  149  136  122
  107   95   84   76   72   75   86  102  120  135  147  156  163  169  174  180
  188  201  216  233  249  262  273  281  287  290  291  290  288  283  275  267
  260  257  256  255  255  255  258  263  265
    27.5-180.0 180.0   5.0 450.0                            LAT/LON1/LON2/DLON/H
  280  281  276  268  258  246  232  219  207  200  195  191  186  179  170  161
  155  152  153  155  159  164  170  176  179  176  168  158  147  135  122  108
   96   86   77   70   66   69   80   97  116  132  145  154  161  168  175  182
  191  205  222  241  261  279  296  311  321  327  329  329  325  318  307  295
  286  280  276  273  269  267  269  275  280
    25.0-180.0 180.0   5.0 450.0                            LAT/LON1/LON2/DLON/H
  292  296  295  291  284  275  261  244  228  214  203  195  189  182  174  165
  158  155  157  161  167  172  178  182  181  173  159  144  129  116  104   92
   82   76   70   64   60   62   73   90  110  127  141  150  158  166  174  184
  196  211  230  252  275  299  321  340  354  362  364  363  359  351  338  323
  311  303  297  290  282  277  278  285  292
    22.5-180.0 180.0   5.0 450.0                            LAT/LON1/LON2/DLON/H
  302  307  310  311  310  303  290  272  251  232  216  204  196  189  181  172
  163  159  161  167  173  178  182  183  178  165  146  126  109   96   84   75
   69   65   63   58   54   55   65   82  102  121  135  145  154  163  174  186
  202  220  241  264  290  317  343  365  380  387  389  388  384  376  362  346
  333  323  316  306  295  287  286  293  302
    20.0-180.0 180.0   5.0 450.0                            LAT/LON1/LON2/DLON/H
  310  317  322  327  330  327  315  296  274  251  231  216  205  199  191  181
  170  164  166  173  179  183  183  180  170  152  130  107   90   77   67   61
   57   56   56   53   49   48   56   73   93  113  128  140  149  159  173  189
  208  229  251  276  303  332  358  380  394  400  401  400  398  391  378  363
  350  340  332  320  307  297  296  302  310
    17.5-180.0 180.0   5.0 450.0                            LAT/LON1/LON2/DLON/H
  321  327  332  339  345  343  332  312  290  267  246  228  216  209  202  192
  179  172  173  180  185  185  181  173  159  139  114   91   74   63   56   51
   49   50   50   48   43   42   48   64   84  105  122  134  144  156  172  192
  215  238  261  286  313  340  365  384  395  399  400  400  399  395  386  373
  361  352  344  333  319  309  307  313  321
    15.0-180.0 180.0   5.0 450.0                            LAT/LON1/LON2/DLON/H
  334  338  342  348  353  350  337  318  297  276  255  236  223  217  212  202
  189  181  181  186  189  185  176  163  146  125  100   79   64   55   49   45
   44   45   46   43   38   36   42   56   76   98  116  130  141  154  172  195
  220  245  268  292  317  343  364  380  388  390  389  390  392  391  385  375
  366  359  353  342  330  321  321  327  334
    12.5-180.0 180.0   5.0 450.0                            LAT/LON1/LON2/DLON/H
  351  353  354  357  357  349  333  312  294  276  257  238  225  219  216  209
  198  189  188  191  191  182  168  151  133  112   89   71   59   53   48   45
   42   42   42   39   35   32   37   50   70   92  112  127  139  153  173  198
  225  249  272  295  318  340  358  370  375  376  376  377  380  382  378  372
  365  361  356  348  339  334  338  345  351
    10.0-180.0 180.0   5.0 450.0                            LAT/LON1/LON2/DLON/H
  370  370  369  368  362  346  323  300  283  270  253  234  220  215  215  211
  202  194  192  193  189  176  157  138  120  101   82   67   58   54   51   46
   43   41   40   37   33   31   35   47   66   89  110  126  139  153  174  200
  227  252  274  296  318  337  351  360  364  365  366  367  370  372  370  365
  360  358  355  350  345  346  354  364  370
     7.5-180.0 180.0   5.0 450.0                            LAT/LON1/LON2/DLON/H
  389  390  387  382  369  345  314  287  271  260  245  225  209  203  206  207
  201  194  191  189  182  166  145  125  108   92   77   66   60   58   54   49
   44   41   39   36   32   31   36   47   65   87  109  126  140  155  176  202
  229  254  276  297  318  335  347  355  359  362  363  365  365  365  362  357
  352  350  348  346  346  352  366  381  389
     5.0-180.0 180.0   5.0 450.0                            LAT/LON1/LON2/DLON/H
  404  408  406  400  382  349  310  279  262  253  237  215  195  188  193  197
  195  189  184  180  171  153  132  113   98   86   75   67   64   62   58   52
   46   41   39   36   34   34   38   48   65   86  108  126  141  156  177  204
  231  255  278  300  320  337  348  356  362  368  370  370  367  362  355  348
  343  339  338  337  341  353  372  392  404
     2.5-180.0 180.0   5.0 450.0                            LAT/LON1/LON2/DLON/H
  411  420  423  418  398  360  315  279  261  251  234  208  183  174  178  185
  185  180  174  168  157  140  120  104   92   82   75   70   67   65   60   53
   47   42   40   38   37   38   41   50   64   84  106  125  141  158  179  205
  232  257  281  304  326  343  354  363  372  380  384  381  373  362  350  340
  331  326  324  324  330  346  369  393  411
