gnss_preprocessor/dataset/smartLoc/Berlin_Gendarmenmarkt/casg1580.16i
     1.0            IONOSPHERE MAPS     MIX                 IONEX VERSION / TYPE
GIM_AOE V1.0        LZSH                2016-06-10 00:10:43 PGM / RUN BY / DATE
Global ionospheric map produced by aoe                      DESCRIPTION
Contact address: Li Zishen                                  DESCRIPTION
                                Chinese Academy of Sciences DESCRIPTION
                              Navigation Headquarter of CAS DESCRIPTION
                 Dengzhuang south Road,Beijing,China,100094 DESCRIPTION
                                   Email:lizishen@aoe.ac.cn DESCRIPTION
  2016     6     6     0     0  0.00                        EPOCH OF FIRST MAP
  2016     6     7     0     0  0.00                        EPOCH OF LAST MAP
  1800.0                                                    INTERVAL
    49                                                      # OF MAPS IN FILE
  COSZ                                                      MAPPING FUNCTION
     0.0                                                    ELEVATION CUTOFF
TEC is obtained by adjusted uncombined raw observation      OBSERVABLES USED
  6371.4                                                    BASE RADIUS 
     2                                                      MAP DIMENSION
   450.0 450.0   0.0                                        HGT1 / HGT2 / DHGT
    87.5 -87.5  -2.5                                        LAT1 / LAT2 / DLAT
  -180.0 180.0   5.0                                        LON1 / LON2 / DLON
    -1                                                      EXPONENT
TEC values in 0.1 tec units;  9999, if no value available   COMMENT
DCB values in nanoseconds, reference is Sum_of_SatDCBs = 0  COMMENT
                                                            END OF HEADER
[from data line 6006]
    15                                                      START OF TEC MAP
  2016     6     6     7     0     0                        EPOCH OF CURRENT MAP
    87.5-180.0 180.0   5.0 450.0                            LAT/LON1/LON2/DLON/H
   97   97   97   97   97   97   97   97   97   97   97   97   97   96   96   96
   95   95   95   94   94   94   93   93   93   92   92   92   92   91   91   91
   91   91   90   90   90   90   90   90   90   90   90   90   90   90   91   91
   91   91   91   91   92   92   92   92   92   93   93   93   93   94   94   94
   94   95   95   95   96   96   96   96   97
    85.0-180.0 180.0   5.0 450.0                            LAT/LON1/LON2/DLON/H
  101  102  102  103  103  103  103  103  102  102  101  101  100   99   98   97
   97   96   95   94   94   93   92   92   91   91   91   90   90   89   89   89
   89   88   88   88   88   88   88   88   89   89   89   90   90   90   91   91
   92   92   93   93   93   94   94   94   94   95   95   95   95   95   96   96
   96   97   97   98   99   99  100  101  101
    82.5-180.0 180.0   5.0 450.0                            LAT/LON1/LON2/DLON/H
  105  106  107  108  108  109  108  108  107  106  105  103  101  100   98   96
   95   94   92   91   91   90   89   89   88   88   88   87   87   87   86   86
   86   86   86   86   86   86   87   87   88   89   90   91   92   93   94   95
   97   98   99   99  100  100  100  100  100  100  100   99   99   99   99   99
   99   99  100  100  101  102  103  104  105
    80.0-180.0 180.0   5.0 450.0                            LAT/LON1/LON2/DLON/H
  109  110  111  112  113  113  113  112  110  108  106  103  101   98   95   92
   90   88   87   86   85   85   84   84   84   84   84   83   83   83   83   83
   83   83   83   84   84   85   86   87   88   90   92   94   96   98  100  102
  105  106  108  109  110  111  111  110  110  109  108  107  105  104  103  102
  102  102  102  102  103  104  106  107  109
    77.5-180.0 180.0   5.0 450.0                            LAT/LON1/LON2/DLON/H
  109  111  113  114  115  115  115  114  112  109  106  102   98   94   90   86
   83   81   79   79   78   78   79   79   79   79   79   79   79   78   78   78
   79   79   80   81   82   83   85   87   89   91   94   97  100  104  107  111
  114  117  120  122  123  123  123  123  121  120  118  115  113  111  109  107
  105  104  104  104  104  105  106  108  109
    75.0-180.0 180.0   5.0 450.0                            LAT/LON1/LON2/DLON/H
  107  109  110  112  113  114  114  113  111  108  104  100   94   89   84   80
   76   74   72   72   72   73   74   75   75   75   75   75   74   74   74   74
   74   75   77   78   80   82   84   86   89   92   96  100  105  110  115  119
  124  128  131  133  135  135  135  134  132  130  127  124  121  117  114  112
  109  107  106  105  104  104  105  106  107
    72.5-180.0 180.0   5.0 450.0                            LAT/LON1/LON2/DLON/H
  103  104  105  106  108  109  110  110  109  106  102   97   92   86   80   75
   71   68   67   67   68   70   71   72   73   73   72   71   71   70   70   70
   71   72   74   76   78   81   83   86   90   93   98  103  109  115  121  126
  131  136  139  142  143  143  143  141  139  137  134  131  127  124  120  117
  114  111  109  107  105  104  103  103  103
    70.0-180.0 180.0   5.0 450.0                            LAT/LON1/LON2/DLON/H
   98   97   97   98   99  101  103  104  104  102  100   95   90   84   78   73
   69   66   65   66   68   70   71   73   73   72   71   70   68   67   67   68
   69   71   73   75   78   80   83   86   90   95  100  105  112  118  125  131
  136  140  144  145  146  146  145  143  142  139  137  135  132  129  126  123
  120  117  114  111  108  105  102  100   98
    67.5-180.0 180.0   5.0 450.0                            LAT/LON1/LON2/DLON/H
   95   91   89   89   90   92   94   96   97   97   96   93   89   84   79   74
   70   68   67   68   69   71   73   74   74   73   72   70   68   67   67   67
   69   71   73   75   78   81   84   87   91   96  102  108  115  122  128  134
  139  142  144  145  144  143  142  141  139  138  137  136  135  134  132  130
  127  125  122  118  114  109  104   99   95
    65.0-180.0 180.0   5.0 450.0                            LAT/LON1/LON2/DLON/H
   95   90   85   83   82   83   85   87   89   91   91   90   88   84   80   76
   73   71   70   70   72   74   75   76   75   74   72   70   68   68   68   69
   71   73   75   77   79   82   85   89   93   99  105  112  119  125  132  137
  140  142  143  142  140  138  136  135  135  135  136  137  138  138  138  137
  136  135  132  129  124  117  110  103   95
    62.5-180.0 180.0   5.0 450.0                            LAT/LON1/LON2/DLON/H
  102   94   87   83   80   79   79   80   81   83   84   85   85   84   81   79
   76   74   73   73   73   74   75   75   74   73   71   70   69   69   70   71
   73   75   77   79   81   84   87   91   96  103  110  117  124  131  136  140
  142  143  142  139  136  133  131  131  131  133  136  139  141  143  144  145
  146  146  145  142  137  130  121  111  102
    60.0-180.0 180.0   5.0 450.0                            LAT/LON1/LON2/DLON/H
  114  104   96   90   85   81   78   75   74   74   75   77   79   80   80   79
   77   75   74   73   72   72   72   71   70   69   68   67   68   69   71   74
   76   78   79   81   83   86   90   95  101  109  117  125  132  138  142  145
  147  146  144  140  136  133  131  130  132  135  138  142  146  149  151  154
  156  157  157  156  151  144  135  124  114
    57.5-180.0 180.0   5.0 450.0                            LAT/LON1/LON2/DLON/H
  129  120  112  105   98   90   83   76   70   67   66   68   71   73   75   76
   75   73   72   70   68   67   65   63   62   61   62   63   65   68   71   74
   77   79   81   83   85   88   93  100  108  117  126  134  141  147  151  154
  154  153  151  147  143  140  137  137  138  141  145  149  153  156  158  161
  164  167  169  169  166  159  150  140  129
    55.0-180.0 180.0   5.0 450.0                            LAT/LON1/LON2/DLON/H
  146  138  131  125  117  107   95   82   71   63   59   59   62   65   68   69
   70   69   67   64   61   59   56   54   52   52   53   56   60   64   69   73
   77   80   82   84   87   92   98  106  116  126  136  145  152  158  162  164
  165  165  163  160  157  153  151  150  151  153  156  158  161  163  164  167
  170  174  178  179  177  172  164  155  146
    52.5-180.0 180.0   5.0 450.0                            LAT/LON1/LON2/DLON/H
  160  155  151  147  139  128  112   95   78   65   57   54   55   57   60   62
   63   62   60   57   53   50   46   44   42   43   45   49   54   60   65   71
   75   79   83   86   91   96  104  114  124  135  146  155  163  169  173  176
  178  179  179  178  175  173  170  168  167  167  168  169  169  169  169  171
  175  179  184  186  185  181  174  166  160
    50.0-180.0 180.0   5.0 450.0                            LAT/LON1/LON2/DLON/H
  169  168  167  166  160  149  132  112   91   74   62   56   53   54   55   56
   56   55   53   50   47   43   39   37   35   36   39   43   49   55   62   68
   74   80   85   90   96  103  112  122  133  144  155  165  173  179  185  189
  193  195  197  197  196  194  190  187  184  181  180  178  176  174  173  174
  177  182  187  190  189  186  180  174  169
    47.5-180.0 180.0   5.0 450.0                            LAT/LON1/LON2/DLON/H
  174  174  177  178  176  166  151  130  109   90   75   65   59   56   55   54
   53   51   49   46   43   39   37   34   33   34   37   41   47   53   60   68
   75   83   90   96  103  111  120  130  141  152  162  172  181  189  196  202
  207  211  214  216  215  213  209  204  198  193  189  185  181  178  175  176
  179  184  189  192  191  188  182  177  174
    45.0-180.0 180.0   5.0 450.0                            LAT/LON1/LON2/DLON/H
  176  176  180  183  183  177  165  148  129  111   95   83   73   66   61   57
   54   51   48   46   43   41   39   38   38   38   40   44   49   56   63   71
   80   89   97  105  113  121  129  138  148  158  167  177  187  197  206  214
  220  225  229  231  231  228  223  216  209  202  196  191  185  181  179  179
  182  187  192  195  193  189  183  178  176
    42.5-180.0 180.0   5.0 450.0                            LAT/LON1/LON2/DLON/H
  177  176  178  181  183  180  173  162  148  133  119  106   94   82   73   66
   60   56   53   50   48   48   47   47   47   48   49   52   57   63   70   79
   89   99  108  116  124  131  138  146  154  161  170  181  192  204  215  224
  231  237  240  242  242  239  234  226  218  209  202  196  191  187  184  185
  189  194  198  200  198  194  187  181  177
    40.0-180.0 180.0   5.0 450.0                            LAT/LON1/LON2/DLON/H
  182  177  175  175  177  177  175  170  163  153  143  130  116  102   89   79
   71   65   61   58   57   58   59   61   61   62   62   65   68   74   81   91
  101  111  120  128  135  141  147  153  158  164  172  183  196  209  222  233
  241  246  248  250  250  247  242  235  227  218  211  205  200  196  193  195
  198  203  207  209  207  203  197  189  182
    37.5-180.0 180.0   5.0 450.0                            LAT/LON1/LON2/DLON/H
  195  184  176  171  169  170  172  173  172  169  162  151  137  122  107   94
   85   78   73   70   69   71   73   76   77   77   77   78   82   87   95  104
  114  124  132  139  145  150  155  159  162  167  173  184  198  213  228  240
  248  253  256  257  258  257  253  248  240  233  226  220  215  210  207  208
  212  217  220  221  220  217  212  204  195
    35.0-180.0 180.0   5.0 450.0                            LAT/LON1/LON2/DLON/H
  214  199  184  172  166  165  169  173  177  177  173  165  152  137  123  110
  100   93   88   84   83   85   88   90   91   90   90   91   94   99  107  116
  126  135  142  148  153  158  162  165  167  169  175  184  199  215  232  245
  254  260  263  267  269  271  271  268  262  256  250  243  237  230  226  225
  228  232  235  236  236  236  233  226  214
    32.5-180.0 180.0   5.0 450.0                            LAT/LON1/LON2/DLON/H
  239  220  199  181  170  166  169  174  178  180  177  171  161  148  135  124
  115  109  103   99   97   98  100  102  102  101   99  100  102  108  115  125
  134  142  148  153  158  164  169  171  172  173  176  184  198  215  232  247
  259  267  273  279  286  292  296  296  294  289  282  274  265  255  248  245
  246  248  250  251  253  256  257  252  239
    30.0-180.0 180.0   5.0 450.0                            LAT/LON1/LON2/DLON/H
  266  246  221  199  183  175  175  177  179  178  175  170  162  153  144  135
  128  123  118  113  110  109  110  111  109  106  104  103  105  110  118  127
  136  144  149  154  161  168  174  177  177  177  178  184  196  212  230  247
  262  274  285  296  307  319  328  332  333  328  321  311  297  283  272  265
  263  264  264  265  268  274  279  278  266
    27.5-180.0 180.0   5.0 450.0                            LAT/LON1/LON2/DLON/H
  289  270  245  221  202  192  187  185  182  176  170  165  161  156  150  143
  139  135  131  126  122  120  118  116  112  107  103  101  102  107  114  123
  133  140  146  153  161  171  179  183  183  181  180  183  192  207  226  245
  264  282  299  315  332  348  362  371  373  370  361  348  330  311  295  285
  280  278  276  276  279  288  296  298  289
    25.0-180.0 180.0   5.0 450.0                            LAT/LON1/LON2/DLON/H
  303  287  265  243  224  212  204  197  188  176  166  160  159  159  156  151
  147  145  142  138  132  128  124  119  113  105   99   96   95   98  105  114
  124  132  140  149  160  172  182  187  187  184  181  181  188  201  220  243
  266  290  312  334  355  375  393  405  409  406  396  380  359  336  317  303
  296  292  288  285  287  296  305  309  303
    22.5-180.0 180.0   5.0 450.0                            LAT/LON1/LON2/DLON/H
  306  294  277  259  243  230  221  211  197  180  165  160  161  164  163  159
  155  153  151  147  141  135  128  120  111  102   94   88   86   87   92  101
  112  122  133  145  159  173  184  190  190  187  182  180  184  196  216  241
  268  297  323  348  372  395  415  429  434  431  421  404  381  357  335  320
  312  306  299  294  293  299  306  310  306
    20.0-180.0 180.0   5.0 450.0                            LAT/LON1/LON2/DLON/H
  298  290  279  266  252  242  233  223  206  186  169  164  168  174  173  167
  161  159  157  154  148  140  131  120  109   98   88   81   76   75   78   87
   99  112  125  140  157  172  184  190  191  188  183  180  183  194  214  241
  271  303  331  357  381  403  424  438  445  443  433  417  395  371  349  335
  327  321  312  304  299  300  303  303  298
    17.5-180.0 180.0   5.0 450.0                            LAT/LON1/LON2/DLON/H
  285  278  271  262  251  242  236  228  213  193  176  173  179  187  185  176
  167  163  161  158  152  142  131  120  107   95   84   75   68   64   66   75
   88  103  119  137  154  170  181  187  190  188  185  182  185  196  217  245
  276  307  336  360  381  400  419  433  440  440  432  419  400  379  360  348
  341  336  327  316  307  302  298  292  285
    15.0-180.0 180.0   5.0 450.0                            LAT/LON1/LON2/DLON/H
  271  263  258  250  240  232  228  225  215  198  184  182  191  200  197  184
  171  164  163  160  153  143  130  118  105   92   82   72   63   57   57   65
   78   95  114  133  151  166  176  182  186  188  187  186  190  203  224  252
  282  311  337  357  373  389  404  418  425  426  422  413  399  382  367  358
  354  350  342  330  318  308  296  283  271
    12.5-180.0 180.0   5.0 450.0                            LAT/LON1/LON2/DLON/H
  263  252  246  237  223  213  211  213  210  199  188  189  200  209  204  188
  172  164  162  159  152  140  127  114  101   90   79   70   60   52   51   58
   72   90  110  130  148  161  169  176  182  187  189  192  199  213  235  262
  289  315  336  351  362  373  386  398  406  408  407  402  394  382  371  364
  363  361  355  344  332  317  300  280  263
    10.0-180.0 180.0   5.0 450.0                            LAT/LON1/LON2/DLON/H
  263  250  241  227  208  193  191  197  201  195  188  190  202  211  205  187
  169  160  158  155  147  135  122  109   97   86   77   67   58   50   47   53
   67   85  106  126  143  155  162  169  178  185  192  197  207  224  247  272
  296  317  334  346  353  361  370  380  388  392  393  391  387  378  369  365
  365  366  363  355  344  330  309  285  263
     7.5-180.0 180.0   5.0 450.0                            LAT/LON1/LON2/DLON/H
  273  258  245  226  199  178  173  182  191  190  184  186  197  205  198  180
  162  154  153  150  141  128  114  102   90   81   73   65   56   48   45   50
   63   81  101  122  138  149  156  163  173  184  193  201  214  234  257  280
  301  319  334  344  350  355  363  371  377  380  381  381  378  371  362  358
  359  362  362  359  353  342  322  296  273
     5.0-180.0 180.0   5.0 450.0                            LAT/LON1/LON2/DLON/H
  288  274  260  236  202  173  164  174  185  186  179  179  186  191  184  167
  151  145  145  142  132  119  105   94   83   74   67   60   53   46   43   47
   59   76   96  117  133  143  150  159  170  182  191  202  217  239  263  285
  303  320  335  346  353  359  364  370  374  375  374  372  368  359  349  343
  344  348  351  353  354  349  333  310  288
     2.5-180.0 180.0   5.0 450.0                            LAT/LON1/LON2/DLON/H
  304  292  279  253  215  181  168  176  187  187  177  171  172  173  165  150
  138  135  136  133  123  109   96   85   75   66   60   54   48   43   41   44
   55   71   91  111  128  139  146  155  167  178  187  198  215  238  263  284
  301  318  336  351  361  368  372  376  376  372  368  362  354  342  329  320
  320  324  329  336  343  346  338  321  304
